-2.056061406370068880e+02 -1.948316726684570312e+02 -1.880092788696289006e+02 -1.952011704217819954e+02 -1.904711518898988345e+02 -1.886436741788622271e+02 -1.784070084183304346e+02 -1.740707620474008479e+02 -1.967865505218505859e+02 -1.896427866617838447e+02 -1.959617621681906883e+02 -1.804413504894868936e+02 -2.298108673095703125e+02 -1.660554401397704964e+02 -1.612506955054498405e+02 -2.029515939009816918e+02
1.002757844768586750e+02 1.085114638717086279e+02 9.341364459991456215e+01 1.122811039515904099e+02 1.042857558421599578e+02 1.068504474263795743e+02 9.603342663800275147e+01 8.695208740234375000e+01 1.150798778533935547e+02 1.086094586921460774e+02 1.106933666576038746e+02 1.026974418545946719e+02 1.125600204467773438e+02 9.894253883361815838e+01 1.023729166830739672e+02 9.890867293508429725e+01
-3.552586073953597179e+01 -3.232242852670174926e+01 -4.298142886161804199e+01 -2.641230310712541751e+01 -3.685828572053175378e+01 -3.522703142569098844e+01 -4.492071515542489379e+01 -4.515750474196214270e+01 -2.314246582984924316e+01 -3.192025294448390227e+01 -2.883045742728493366e+01 -4.029561527864432691e+01 -1.379573440551757812e+01 -4.415148649215698384e+01 -4.655313048824187661e+01 -3.876457731347335312e+01
3.798804620836602197e+01 4.258186160193549341e+01 4.039349880218506428e+01 4.204361406962076586e+01 4.269627038026467858e+01 4.206175997559453350e+01 4.403016593721178396e+01 4.293386635413536823e+01 4.591933012008666992e+01 4.399932017470850809e+01 4.364454980330033607e+01 4.513639730288658569e+01 3.680717468261718750e+01 4.802779550552368448e+01 4.692607399725145001e+01 3.993772290882311893e+01
5.979220853477228204e+00 8.133699420425630322e+00 4.543505027517677597e+00 1.071157637096586868e+01 6.422416816919279903e+00 7.618516260469466062e+00 4.174730604997389349e+00 2.798007121452918522e+00 1.438284170627594172e+01 8.873999938820350764e+00 1.059261228821494605e+01 5.657501973671678286e+00 2.047153472900390625e+01 2.722542941570282871e+00 4.903990964735709390e+00 6.345046548466933167e+00
-1.974171908175358681e+01 -1.901972067687245982e+01 -2.386459901332855083e+01 -1.357415061905270015e+01 -2.184847821333469398e+01 -1.946388609518466950e+01 -2.592533835658320385e+01 -2.403564885946420659e+01 -1.062402021884918213e+01 -1.859754188133008057e+01 -1.591171220215883686e+01 -2.406891263561483996e+01 4.452054500579833984e+00 -2.848838887214660431e+01 -2.981837340324155150e+01 -2.151716438092683603e+01
-1.453032464277549174e+01 -1.186670335354628492e+01 -1.317954335212707662e+01 -9.658486184619725634e+00 -1.388628502992483682e+01 -1.264691892727999800e+01 -1.353177664898060328e+01 -1.418150703723614114e+01 -7.348622500896453857e+00 -1.172195443240079094e+01 -1.051885890960693359e+01 -1.293305333455403883e+01 -6.488430500030517578e+00 -1.227857906818389999e+01 -1.251889808716312480e+01 -1.375202003278230478e+01
-5.581290095555975661e+00 -3.535009067367627988e+00 -6.298979988694190624e+00 -6.215456497101534694e-01 -7.355183836741323589e+00 -5.321709796786305624e+00 -1.067028723381183752e+01 -7.133277462078974729e+00 -1.333959892392158508e+00 -4.221585709601638925e+00 -2.745362235741179990e+00 -7.613616671827104554e+00 -3.159366369247436523e+00 -1.013856840319931329e+01 -1.119262050428697997e+01 -6.374401824254737114e+00
-1.393559711487566588e+01 -1.057257808468959759e+01 -1.386776150465011348e+01 -9.593639725730533030e+00 -1.248929783166983221e+01 -1.196859496076342211e+01 -1.316498278467743610e+01 -1.356784596809974097e+01 -8.855504631996154785e+00 -1.027664320396654674e+01 -9.540328193794598732e+00 -1.184477085390208728e+01 -4.433496952056884766e+00 -1.264840740114450490e+01 -1.244693514993113936e+01 -1.340550802883349135e+01
7.155580667198657707e-01 6.006495815736276001e+00 4.358134736120698349e+00 7.044710658845446005e+00 4.104178776152619612e+00 5.033338361222977397e+00 4.307535093139716054e+00 5.571767614437983518e+00 6.488031655550003052e+00 6.857531215205336039e+00 4.573134435848754897e+00 5.946896129920157037e+00 1.032731151580810547e+01 8.223440340161321416e+00 7.300158108434368742e+00 2.833155020287160042e+00
-7.027555911267390876e+00 -4.558010840581522061e+00 -9.056530339270828733e+00 -3.465227334272295234e+00 -6.656395398653470963e+00 -6.694739448772349277e+00 -7.350979032339871821e+00 -4.498396598375760114e+00 -1.509515613317490512e+00 -3.131832281184015354e+00 -3.189204947514967525e+00 -6.021054603435374908e+00 1.575185537338256836e+00 -4.716285926103591208e+00 -5.201275125626594331e+00 -7.573382255278135133e+00
6.116451433447537944e+00 5.081652497803722746e+00 2.648600257933098057e-01 6.886921794641582828e+00 4.667148962234836773e+00 5.495562771256539136e+00 1.925563584323282118e+00 2.319536369580489144e+00 1.168273666501045227e+01 7.455840742949279232e+00 9.454383438283743502e+00 3.516188914209236405e+00 1.552886199951171875e+01 6.744210146367515257e-01 8.715213114215454304e-01 2.894568283306925505e+00
9.403657844809234945e+00 9.057468428655905512e+00 7.158872440457343167e+00 1.029953920273553614e+01 8.452604079093687162e+00 9.459787619785522850e+00 5.932199128799966914e+00 5.491659636680895851e+00 1.434075522422790527e+01 9.702750271016899575e+00 1.144929381934079160e+01 7.351615971621171752e+00 1.778054046630859375e+01 3.830373860895632809e+00 2.800149642652080217e+00 8.179429756967644849e+00
1.900716212031333271e+03 1.628947395942385128e+03 2.134225546409553772e+03 1.391722911329578892e+03 1.763906814528063933e+03 1.691598432022363795e+03 2.060636891393786300e+03 2.310958389786102543e+03 1.212729905843200186e+03 1.559009718143733608e+03 1.490956071545375153e+03 1.825050031741010571e+03 7.841097257538008307e+02 1.961765182952465693e+03 1.889563079209332273e+03 1.989818164414234616e+03
8.937948258196720674e-02 6.975188078703703498e-02 1.270874023437499889e-01 5.117652529761904101e-02 8.275115184294870585e-02 7.646071742957745443e-02 1.239782262731481399e-01 1.593299278846153633e-01 5.096435546874999306e-02 6.619910037878787290e-02 6.070223721590908145e-02 9.443118248456790209e-02 2.343750000000000000e-02 1.147583007812499889e-01 1.120841733870967666e-01 1.067151521381578816e-01
