-1.232163721720377652e+02 -1.393783423465752946e+02 -9.051233320416150718e+01 -1.317359099668614988e+02 -1.284052429199218750e+02 -1.751798725474965295e+02 -1.338316584995814651e+02 -9.624995779222064129e+01 -1.482378274936869218e+02 -1.397763912713349725e+02 -1.141696650946318385e+02 -1.298676041527617713e+02 -1.430909334742380850e+02 -1.151528104146321567e+02 -1.948973185221354072e+02 -9.036852688943193357e+01
6.664841541714140760e+01 8.942077627122029071e+01 5.670244267301741559e+01 7.678633717929614022e+01 3.248804696400959813e+01 1.165096373124556379e+02 4.749908229282924310e+01 6.194170367333198612e+01 1.016651673750444047e+02 8.343193054199217329e+01 6.413714793191029173e+01 7.025146775279974065e+01 9.581528751578871095e+01 4.965974171956381156e+01 1.372529907226562500e+02 5.967543202061808927e+01
-3.745357852511936159e+01 -5.206148992094607308e+01 -1.599066374661791201e+01 -4.618338158551384254e+01 -1.702309525012969971e+01 -6.968756540471861172e+01 -2.321610605149042073e+01 -2.297188550233844140e+01 -5.754125009401884228e+01 -4.958277471741634912e+01 -3.261087274551393023e+01 -4.320370657666981629e+01 -5.495147105462540793e+01 -2.267846457163492957e+01 -7.558441797892253078e+01 -1.921787112182189716e+01
1.908082760572434111e+01 2.437138937404321126e+01 1.902568540033304600e+01 2.100854668897741107e+01 -5.517057473460827310e+00 3.413655468333851672e+01 -8.559965279130704374e+00 2.128273959698215378e+01 2.781447084022291705e+01 2.141932003889511194e+01 1.979103198691980481e+01 2.141089381416924553e+01 2.523273169351909928e+01 8.658009380102159369e+00 3.727251609166463453e+01 1.961545053893519963e+01
2.674875691731770999e+01 3.003056584964008024e+01 1.670598582051833603e+01 2.723123226446264411e+01 4.461416784922282375e+01 3.124644754583185957e+01 5.117027500697543729e+01 2.003203209369412363e+01 2.967460424249822992e+01 2.970327324653739609e+01 2.463522195104343382e+01 2.772417248924859123e+01 2.982632079666959868e+01 2.957583228747050086e+01 2.853647581736246863e+01 1.781840694912016687e+01
1.746193249490525545e+01 1.709757646749604021e+01 2.058678884326286607e+01 1.501763674003235849e+01 1.628433052698771277e+01 2.607048203728415103e+01 1.164735190641312101e+01 2.095392321002098512e+01 1.831647048333678285e+01 1.512334814222890245e+01 1.930688457346673914e+01 1.523647902745136484e+01 1.665826049099067774e+01 2.082860457897185924e+01 2.952646414438883227e+01 2.095713932283462810e+01
-5.056650615400738680e+00 -9.194595772515321563e-01 -1.179040275654703684e+01 -3.900716743925038976e+00 -1.094413826862971106e+01 -3.776169213381681100e+00 -5.588645185743059685e+00 -1.018429318839504205e+01 1.043687834282110760e+00 -2.919976479526776636e+00 -7.828459545747557868e+00 -4.678211397618698975e+00 8.270660610255986533e-01 -8.128362841904163361e+00 -6.497294843196868896e+00 -1.091883068315444660e+01
1.026956689622667263e+01 1.123877658821502123e+01 5.689235754732818506e+00 9.450012997011931759e+00 1.706188742319742957e+01 1.710175370953299989e+01 1.484552132515680256e+01 6.790743376458848068e+00 1.253045808877608103e+01 1.009108411509599534e+01 1.080806696592871852e+01 1.002721678738971534e+01 1.200512194669175514e+01 9.629021296898525151e+00 1.837062414487203199e+01 4.406297610652065266e+00
1.782261853251192241e+00 3.078899966142833122e+00 -1.019279798246780278e+00 1.032122898408589506e+00 2.592142105102539507e+00 2.816966664249247465e+00 2.715441891125270679e+00 -1.267026373936287698e+00 6.094287824149075661e+00 1.163235668926986710e+00 1.756826677873953635e+00 1.268556307760069002e+00 4.299700223400199306e+00 2.538164741049210527e+00 5.620199302832285859e+00 -1.969396088152172819e+00
2.437415182590484175e+00 4.559311642024505673e+00 -2.738403002555776844e+00 2.766020920456332188e+00 9.697203218936918390e+00 3.636412355032834220e+00 7.039824474425541823e+00 -1.207538063487695545e+00 6.829140996692151688e+00 2.571709483417110587e+00 1.634794809925019132e+00 3.283640414583597344e+00 4.760076637396549515e+00 -9.159887830416701959e-02 2.534116124113400481e+00 -2.035200235103408417e+00
2.816370326942866598e+00 8.808514267768493555e-01 -6.553845962263511460e-01 1.401715237428159622e+00 6.795046349366506533e+00 2.494215911084954662e+00 7.220119209516613346e-01 2.200169072997180120e-01 9.031851527967831306e-01 6.315662932040080335e-01 2.929949556268861777e+00 1.615729946669913986e+00 -3.130060287560540999e-01 2.796780884265898770e+00 3.314582010110217469e-01 -6.651685343634705649e-01
-7.779923631085285951e-01 -4.771176323575782585e-01 -1.211347467494461760e+00 -6.104892709237691450e-01 3.052588378389677892e-01 6.179568599570894882e-01 6.729028281711393333e-01 -2.334000182728615425e+00 -7.529338465796576729e-01 -4.903530053683171630e-01 -1.323899851138910400e+00 -4.178514827927230502e-01 -3.645246586578322900e-01 -1.373095929622648814e+00 -9.619130243857701990e-01 -1.163325742367774085e+00
1.616202438208791836e+00 1.706711314384290024e+00 -8.972618085033525759e-01 7.620056071044757351e-01 -1.093277792135873616e+00 2.117603639039127295e+00 -1.019314368565875872e+00 1.474861211834415764e+00 1.099901274599210499e+00 7.710379606752255643e-01 2.269613012449064549e+00 -3.894142840834777797e-01 1.924387396452672538e+00 -2.401068955659866333e-01 2.508581846952438354e+00 -2.419770840675599111e-01
2.691567419061809233e+03 2.191757663266148484e+03 3.222748557929273375e+03 2.423044798278110648e+03 4.095996038456642964e+03 1.817154074543968818e+03 3.736473547144881195e+03 2.973650032762443061e+03 1.971563739922683453e+03 2.296878156517018397e+03 2.843716334660060511e+03 2.548624754695069896e+03 2.084410742924993883e+03 3.444685596511913900e+03 1.600988256751173594e+03 3.090786764798926015e+03
1.557237413194444697e-01 1.395839475235848837e-01 1.781028891509433831e-01 1.493207146139705899e-01 2.338053385416666852e-01 1.342063210227272818e-01 1.980561755952381098e-01 1.654485887096774355e-01 1.310369318181817955e-01 1.450814773787313661e-01 1.635450676305970352e-01 1.547992075089928421e-01 1.351428003368262964e-01 1.821085611979166852e-01 1.265055338541666574e-01 1.713709677419354704e-01
