-1.425631923538318233e+02 -8.484068442554016087e+01 -6.086059552046567234e+01 -1.110578241348266602e+02 -1.453012316208477444e+02 -7.077695000171661377e+01 -1.216574139161543400e+02 -6.614658797870987428e+01 -6.004328535993900573e+01 -1.399503090469925723e+02 -8.995426928612496908e+01 -1.333070049783458728e+02 -8.366172350171106586e+01 -6.298642905553187887e+01 -1.516729560965923156e+02 -7.004779156125513850e+01
1.090670690193450554e+02 6.533931732177732954e+01 4.878711718897665151e+01 8.648510572645399463e+01 1.217617900759674967e+02 2.825683450698851829e+01 9.378660262714731743e+01 4.079539330222389282e+01 5.329133154551187346e+01 1.147833621178144483e+02 7.800507914635441864e+01 1.022196748153022980e+02 7.196340096714983758e+01 3.020406413078307395e+01 1.301541478171277504e+02 5.833176480806790209e+01
3.232674319967223653e-01 8.583851118640202671e+00 1.856587330948921988e+01 1.025417428298129252e+01 3.443311761285290373e-01 4.009211373329161887e+01 6.942355831238357311e+00 2.274208708459681105e+01 1.562234617471694698e+01 -9.953821605002257655e-01 9.905340602321015098e+00 5.264815338798186417e+00 8.279937146657916358e+00 2.027108633766571089e+01 2.130415583724393436e+00 1.319733960582659904e+01
1.384988494571163642e+01 1.865295001282924048e+01 2.180488502402458195e+01 1.842031545937060599e+01 1.361702594415160839e+01 2.883769834041595104e+01 1.711620511250062293e+01 2.448499771031465500e+01 2.205519144535064413e+01 1.417589154030069132e+01 1.503414114252213096e+01 1.290187787439510814e+01 1.767315879212803864e+01 2.716240833202996896e+01 1.399764176202353383e+01 2.356218387816960202e+01
-9.825429046754354800e+00 -1.185705154843446607e+01 -1.501879684386714331e+01 -1.330876839657624089e+01 -8.291967886362883178e+00 -2.629365265369414928e+01 -1.086721973629160409e+01 -2.061863813725384631e+01 -1.372970943152904155e+01 -7.914636712383336103e+00 -8.266771446312624505e+00 -9.667403570983715611e+00 -1.103040430847420694e+01 -2.209222735961277806e+01 -1.099829992785382693e+01 -1.335077992654763612e+01
4.997484355736117934e+00 5.619768518136766922e+00 4.300581467728459728e+00 6.550514645874499386e+00 7.656932479420372140e+00 1.029977694153785706e+01 4.037268363278016636e+00 3.782627374475650672e+00 8.620545873045921681e+00 6.712057866432047604e+00 6.481792754703952220e+00 5.540030845157477124e+00 5.255022574620073605e+00 6.561149358749388760e+00 8.526258735514396392e+00 9.343718317838812126e+00
7.053273924820746554e-01 2.192401840919399270e+00 -2.069433164692689786e+00 6.962796627647351855e+00 3.255417864914086579e+00 2.487202586606144905e+00 4.238651450215416006e+00 -1.044203486225820487e+00 1.054697781801224421e+00 1.459055243542900726e+00 3.803771825567366704e+00 3.745428400843038297e+00 1.786831694554131378e+00 1.435399851140875205e+00 6.260055725254231263e+00 3.088693333359863402e+00
6.538176141411279119e+00 1.090550960418654469e+01 6.566285024727543274e+00 1.052510896159542853e+01 8.055768371898997415e+00 7.808453142642974854e+00 8.198844143951479424e+00 5.879438340392978191e+00 1.110541371653477327e+01 7.129341727697553921e+00 1.210415985122803662e+01 8.245745976852333570e+00 1.198200238181883748e+01 9.478734766443569271e+00 9.247002016697356552e+00 9.896849369773496718e+00
1.865591996275692832e+00 1.156797990021182887e+00 1.461124400938711210e+00 3.809360724356439576e+00 1.689224816338960933e+00 3.301446096971631494e+00 5.006447104906492029e+00 -5.334913134574881255e-01 1.364242867628733702e+00 2.161853282539933474e+00 6.853457840219622454e+00 4.020349194174227314e+00 2.601246633443488054e+00 3.823445058117310502e+00 1.361372421481716444e+00 2.657766925600859143e+00
1.032517083171460648e+01 7.410144085564270178e+00 1.159082524093889788e+01 7.733798426886401955e+00 8.154204259547157108e+00 1.417347037792205988e+01 1.101680210774595636e+01 1.146007447161458259e+01 6.244847023487094972e+00 9.428976636793878541e+00 1.085050001067500247e+01 8.667430905673816355e+00 7.502216551677296508e+00 1.180867603669564225e+01 7.625596521505670466e+00 9.611319049046590735e+00
3.825527160287762740e+00 3.860018840650229155e+00 5.326075561584967311e+00 5.258647441036173653e+00 5.240495079709578619e+00 1.243744816817343235e+01 5.279522263190965958e+00 6.086858217282729910e+00 2.381107345223421934e+00 4.063871318911330910e+00 4.629560531147065561e+00 4.120379188268081805e+00 2.632491796131589012e+00 5.981613588829836736e+00 6.082838441008953545e+00 5.482141882467729488e+00
9.673057373586319230e+00 1.032616156648571959e+01 5.407412254041233268e+00 1.181576299336221325e+01 1.145000151030776792e+01 8.403142004215624183e+00 9.674745112657546997e+00 5.514302570711474338e+00 8.858215395609535747e+00 1.019057540761100000e+01 1.140123855298565303e+01 1.047219332404758596e+01 9.267776935215456646e+00 5.460356997946892221e+00 1.271225725536915085e+01 1.044608004047320371e+01
5.802919067067187076e-01 4.207629071503154350e+00 2.268146194757947320e-01 2.133627302944660631e+00 3.863937295222464208e+00 -5.428057555109265131e+00 -1.039861263199286734e+00 -1.710422476855193663e+00 5.256697285175320644e+00 1.813599266019866985e+00 3.298736768384131768e+00 1.049300503989923028e+00 2.917406357196437039e+00 -9.550050397714149319e-02 4.403414617278679444e+00 4.602893078556424378e+00
2.061323603248739346e+03 3.125620371653368238e+03 3.714363547689235020e+03 2.571907247842634206e+03 1.820591209519161566e+03 4.434787738401947536e+03 2.384297492785998202e+03 3.956084091754812562e+03 3.510996839761472984e+03 1.939525442762958846e+03 2.821400010379366449e+03 2.207378409443570945e+03 2.976532453818456815e+03 4.172416585000871237e+03 1.670332961743262786e+03 3.308777594281830261e+03
1.061994154676259294e-01 1.577267530487805325e-01 2.093308971774193172e-01 1.216295030381944337e-01 8.898074127906968611e-02 2.930603027343750000e-01 1.190740411931818232e-01 2.489968039772725850e-01 1.858154296875000611e-01 9.524197048611102168e-02 1.332220262096774077e-01 1.095363451086956985e-01 1.512259977409639022e-01 2.821960449218748890e-01 8.077046408582094772e-02 1.665132962740384914e-01
