-3.986530980819310912e+02 -2.981929877144949614e+02 -4.109070933948863740e+02 -2.831167602539062500e+02 -2.861467183430989394e+02 -3.468458244687034835e+02 -4.300336256430182402e+02 -3.799505620320638286e+02 -3.841734352805397634e+02 -2.820133068378154917e+02 -3.995630216376725912e+02 -4.514347950328480010e+02 -3.712906494140625000e+02 -3.356134771531628189e+02 -3.435632207961309632e+02 -4.395909570471033021e+02
1.767425089126978150e+02 1.577857480730329200e+02 1.522580055468010016e+02 1.020423889160156250e+02 1.250788052876790459e+02 1.764490338280087371e+02 1.657752896161146623e+02 1.898856122334798044e+02 1.763917461048473001e+02 1.406132947481595465e+02 1.896276401253633708e+02 1.444526949795809401e+02 1.418050550981001550e+02 1.634680018271169217e+02 1.893897984822590956e+02 1.547376276982294883e+02
2.911080829913799661e+01 4.315531040940957297e+00 3.114500485044537115e+01 2.004436492919921875e+01 2.431876754760742188e+01 7.981020886273597625e+00 4.246152762292133076e+01 2.606670947074890066e+01 1.733487265435131519e+01 1.065210344241215523e+01 4.334478431524230757e+01 4.394779302423646783e+01 2.574014407938177129e+01 5.188460353882067722e+00 8.213454029389772870e+00 4.424530472693501792e+01
2.184639852322064968e+01 4.166741827556064948e+01 2.828028473709568757e+01 1.886161613464355469e+01 2.419087155659993371e+01 3.381086453937349035e+01 2.446839297657281520e+01 2.386941652297973704e+01 2.376056388508189698e+01 3.580605257474459080e+01 2.276687355928642731e+01 2.666615583246404597e+01 3.076736573739485436e+01 4.005757811761671405e+01 3.036264403661092004e+01 2.706853631254914561e+01
2.022095187505086145e+01 1.087255115168435182e+01 1.580052031892718745e+01 4.094349384307861328e+00 6.346499979496002197e+00 1.585298264026641846e+01 1.828208382028929080e+01 2.248959463437397943e+01 2.022721231633966710e+01 9.981128224959739725e+00 2.070473790723223928e+01 1.756948227448896915e+01 1.215518196062608069e+01 1.439353680995202822e+01 1.781750967389061202e+01 1.740366967003066989e+01
6.360432089903414798e+00 6.192661572779926793e+00 7.257080603729593626e+00 -9.242897033691406250e+00 2.849847912788389337e+00 3.302286901644297057e+00 7.915535405488079768e+00 4.869218215222159252e+00 3.623544385758311837e+00 5.125852410609905263e+00 8.959304788777993522e+00 1.115437218384309048e+01 7.396940101276744173e+00 6.377229080325172994e+00 1.001293522971016259e+00 9.571336836009828986e+00
1.391677184746816565e+00 2.055902334196226811e+00 6.352185652111518976e+00 1.419552803039550781e+01 -1.374298652013142608e+00 3.033314756694294179e+00 1.893621135555523916e+00 2.022933939347665522e+00 2.902408361434936968e+00 2.518575127308185557e+00 1.230865777578465936e+00 5.476511358181861411e+00 5.077799591151150871e+00 3.238103630081299755e+00 4.414719288902624328e+00 4.357470448528018458e+00
3.278570629847354923e+00 7.306185798985614710e+00 6.639456376884921518e+00 3.265467071533203125e+01 1.384899552663167199e+01 7.480376073292321237e+00 2.151850794192771588e+00 4.643385978539782855e+00 3.971974819898604459e+00 6.676547839091374392e+00 2.564458568428835239e+00 4.226957347718151681e+00 1.146335946429859476e+01 6.140772461891171652e+00 5.394527096478710426e+00 4.530158045617016960e+00
-5.015894945615377409e+00 -8.351668144975390007e+00 -3.924324651559193633e+00 -2.330134630203247070e+00 -4.827387253443400361e+00 -3.966299227305820185e+00 -4.609590073706400837e+00 -4.021280424793562069e+00 -5.889679870009421947e+00 -1.174415363715245064e+01 -2.511902526367542965e+00 -3.694773076339200824e+00 -5.546030239625410196e+00 -7.510444619963244861e+00 -5.715594393866402001e+00 -2.047974694471860868e+00
-1.937369516644721568e+00 -1.205776065587997437e+00 6.340590381261066444e-01 4.827589035034179688e+00 -2.279826978842417251e+00 -1.011653098322096600e+00 -1.820912717933391711e-01 -1.526496136809389448e+00 -1.487807015939193178e+00 -1.141613655365430136e+00 7.147121699743506085e-01 6.660382996905962472e-01 -7.511269721117884712e-01 -1.111655179531344073e+00 -1.529769546928860358e+00 7.719850261490055487e-01
-1.009391027994645107e+01 -1.011727190869195070e+01 -6.692673125501835685e+00 -1.813899230957031250e+01 -1.142337544759114643e+01 -1.212002860080628253e+01 -8.078543812876009866e+00 -1.211021254460016472e+01 -1.137355528853156450e+01 -9.575246503719917257e+00 -8.476360129755597939e+00 -5.665635443817478745e+00 -7.846974199468439437e+00 -1.090594237249705323e+01 -1.131546759179660278e+01 -6.413741710511114746e+00
-8.036400197790221966e+00 -1.279887599391596709e+01 -4.904827247514870869e+00 -2.556766891479492188e+01 -9.222691456476846739e+00 -1.147623028073992124e+01 -6.927682008541808045e+00 -1.091164859334627835e+01 -9.479554259777069447e+00 -1.423967733749976539e+01 -8.617568237836970013e+00 -2.630345999110825339e+00 -6.379391290924765201e+00 -1.218914310393795120e+01 -1.174323364950361714e+01 -1.641299355726720144e+00
-7.860336058796979941e+00 -8.055417771850313713e+00 -6.542429537484140134e+00 -1.731260567903518677e-01 -6.883926848570505186e+00 -7.514448120480492044e+00 -1.003260273916620626e+01 -1.043938720126946507e+01 -5.417642625895410902e+00 -5.744378273303691884e+00 -1.111380400214084219e+01 -9.310086618770252898e+00 -6.931280211968855909e+00 -7.803800725167797658e+00 -1.040146097398939595e+01 -4.736665261256240989e+00
6.119736917586691334e+02 8.992675288016043851e+02 7.678469344682888504e+02 1.998749736752854005e+03 1.370223950406997119e+03 7.054294493267383359e+02 5.653680138332777005e+02 5.628367553841683275e+02 6.603261924305793400e+02 1.095884751656667731e+03 5.151691283908362493e+02 6.936104134992101535e+02 9.674832520985505653e+02 7.985322979934259138e+02 6.195876626114239798e+02 6.288166033221796170e+02
3.101837940705128374e-02 3.599330357142857539e-02 2.667791193181818024e-02 3.076171875000000000e-02 3.531901041666666435e-02 3.559802827380952051e-02 2.932438380281689877e-02 2.949218750000000278e-02 3.447265624999999722e-02 3.571965144230769551e-02 2.426644258720929773e-02 2.523970170454545303e-02 2.885298295454545234e-02 3.966103830645160977e-02 3.194754464285714385e-02 2.743252840909090814e-02
