-1.859593940147987041e+02 -1.068513754251841164e+02 -5.288315880298612370e+01 -1.213742015172565090e+02 -8.805993750156501676e+01 -1.570393950144449491e+02 -9.951643654318418442e+01 -7.302512477693105097e+01 -1.090527983231978055e+02 -1.197265213330586988e+02 -5.488191904340472860e+01 -9.640211364746095057e+01 -7.531872092760526982e+01 -4.363623101370677659e+01 -1.693220362509450183e+02 -1.394535836439866046e+02
1.526985414945162347e+02 1.037410251514331634e+02 8.088735389709471235e+01 1.126940925234839881e+02 9.063372978797325175e+01 1.312744905683729257e+02 9.821986586626837834e+01 8.539862169538224634e+01 1.070198487715287712e+02 1.190108698209126743e+02 7.315749250139508320e+01 9.492395812988280568e+01 8.778193312424878059e+01 7.694575173514229505e+01 1.391938072942918154e+02 1.234881125230055545e+02
-3.061090579399695599e+01 -1.901968945522565946e+01 -1.045903405547142029e+01 -2.370086215412806041e+01 -1.636036761601765832e+01 -2.916775461037953576e+01 -2.088238530158996653e+01 -1.086059192248753114e+01 -2.331103932640769116e+01 -3.122057722260554868e+01 -4.775828599929809570e+00 -2.375222178697585917e+01 -1.514177927604088403e+01 -8.542947343417576889e+00 -3.295266911291307110e+01 -3.132236401851360696e+01
2.227845867780538569e+01 1.510691165762978372e+01 1.042673084139823914e+01 1.571850859361981456e+01 1.408061815530825811e+01 1.991150732172859961e+01 1.675974608028636226e+01 7.747722895372483265e+00 1.727948053533380346e+01 1.998145830631256104e+01 9.328414576394216340e+00 1.491233072876930166e+01 1.200997327841244910e+01 9.368949515478949053e+00 2.408680007342369578e+01 2.358948047344501830e+01
1.859727522043081294e+01 1.754384771875432847e+01 4.716046195477250791e+00 1.896726452121659179e+01 1.162574739486743169e+01 2.130496365328629338e+01 1.957023045876447753e+01 7.528781028020947730e+00 1.866178134137933498e+01 1.436319419617453974e+01 3.709631817681447785e+00 1.897497769355773656e+01 8.916770795216924839e+00 2.555618984358650536e+00 2.112048149877978531e+01 1.821327799558639171e+01
7.076663196086884433e+00 4.980636352220097152e+00 2.278044980019331867e+00 2.442863859354501344e+00 6.299568194609422633e+00 2.128159661673837633e+00 4.192447745186441921e+00 4.249751369158427217e+00 3.496580335768785464e+00 2.631167100121576841e+00 1.031410149165562373e+01 4.109755970239639566e+00 3.371561699188672989e+00 4.156135490962444834e-01 3.910371603504304350e+00 6.407869653059905524e-01
-9.092516889938941915e+00 -5.403540809009525603e+00 -1.275103550404310226e+01 -5.523781876005823932e+00 -7.712111105521519683e+00 -7.758891607324282624e+00 -6.271866903234930568e+00 -1.142303884597051677e+01 -7.084489680420269053e+00 -6.604311537618438699e+00 -7.026937348502023006e+00 -5.415079263448715707e+00 -8.874492860757387191e+00 -1.302076877866472415e+01 -7.947752723770756589e+00 -9.474110370645156820e+00
1.114586984194241914e+01 3.196609134609633252e+00 2.149972660467028618e+00 3.469032411537472882e+00 1.532619644434022543e+00 8.398484314481423851e+00 4.176871702951547860e+00 2.778053153128850816e+00 2.364979996464467327e+00 3.068909178798395754e+00 1.117218835013253031e+00 1.284718130230902755e+00 2.030908045860437383e+00 3.101966657808848282e+00 9.937716864770466785e+00 5.314180495074167787e+00
2.010623826430394168e+00 1.730063199996948020e+00 -2.208018751814961433e+00 1.316770582918136645e+00 1.679122648178002608e+00 -1.498601415918933144e+00 1.519364862319300791e+00 -8.662153879801435252e-01 8.260321075266036095e-02 -4.308303383489475724e-02 -6.879271992615292319e-01 1.149873151183128162e+00 -1.539351894305305279e-01 -8.583585172891619042e-01 3.591072405538249246e-01 5.878780507124384824e-01
7.449681580066680908e+00 2.455917748245031174e+00 -1.760446346597743350e+00 3.848082453485519139e+00 4.433479638435901649e+00 5.564838199979730504e+00 3.290161486583598194e+00 -1.069428082023349269e+00 3.597772151773626081e+00 5.539847452814381512e+00 3.620632716587603994e-01 3.712141765356064216e+00 8.837317251242122751e-01 -2.128659256867002192e+00 4.952404022216796875e+00 5.807669383402052077e+00
-9.326511667324950405e-01 1.187038056753776827e+00 -8.732412951067090034e-01 7.367091871916278123e-01 -8.162134289741507231e-01 1.668955074416267115e+00 1.858874188977132080e+00 -6.045809345585964056e-01 2.631823419440878720e+00 -1.576202100763719027e+00 -2.787877406392778923e+00 2.910830998420699256e-01 2.942381890920486853e-01 -9.440695217677530504e-01 2.637162900740094851e-01 9.826233421380684563e-01
4.862467087232149154e+00 3.586794743666777308e+00 1.396343968808649194e+00 4.592444786003657242e+00 1.891791015099255624e+00 4.884492303762170806e+00 3.710803258419035355e+00 2.573147189049493022e+00 5.830015721646221394e+00 4.716623794908324285e+00 1.367770705904279627e+00 5.800759946703910153e+00 2.755691623458494721e+00 2.590457345758165442e+00 6.241694596505933390e+00 5.186404483822673939e+00
-1.070882953130282145e+00 2.891114727669472195e+00 -1.262598896399138804e+00 1.611461305902117891e+00 8.777736180867901084e-01 2.539444571567907261e+00 2.608058530442856071e+00 -1.108737275713960191e-01 3.773498941551557628e+00 1.431053709238768512e+00 -2.094521020139967327e+00 3.421346126198769877e+00 9.372865385734114874e-01 9.622619471379685319e-01 1.630741450094407297e+00 2.947743775752877049e+00
1.305917201540216183e+03 2.071319944730093539e+03 2.734658014197475040e+03 1.892406708250990050e+03 2.393614895028562387e+03 1.594651152615994533e+03 2.176141848405935434e+03 2.602748730384919327e+03 1.981311904358356514e+03 1.798151263842155458e+03 3.011876113017591706e+03 2.278347993847100952e+03 2.502110639387704396e+03 2.861642577131601684e+03 1.477998468588678634e+03 1.705194130354636400e+03
6.520432692307692735e-02 8.996252111486484349e-02 1.255493164062499722e-01 8.726283482142856152e-02 1.003605769230769273e-01 8.044433593750000000e-02 1.008444393382352949e-01 1.139787946428571508e-01 9.300426136363636187e-02 8.755493164062500000e-02 1.337890625000000000e-01 1.065332031250000033e-01 1.106332632211538408e-01 1.333007812500000000e-01 7.560483870967740772e-02 8.619103064903846367e-02
