-1.578012332121530790e+02 -1.599415174135019697e+02 -3.486782850477429747e+02 -1.745020294189453125e+02 -2.727750040927779196e+02 -1.418148134687672268e+02 -2.244877166748046875e+02 -2.433641529238319947e+02 -1.634402603442851785e+02 -1.361565753997318211e+02 -1.625969288276903342e+02 -2.782476736704507516e+02 -2.314051541852520586e+02 -1.512323215089995188e+02 -3.192186305208025487e+02 -1.947869013509442766e+02
7.910880427890350575e+01 1.062185262223364504e+02 1.542284169514973655e+02 4.930344072977702297e+01 1.330624572896511495e+02 5.954399316207219073e+01 2.909352912902832600e+01 1.258437191102562593e+02 9.790605556781474661e+01 8.745289309062650318e+01 6.426096523169310615e+01 1.423849868774413778e+02 1.119756469726562500e+02 4.755134687752556744e+01 1.465905485333136653e+02 1.207766876835976859e+02
2.375692235926779361e+00 5.498164508544221896e+00 2.388903812170028118e+01 5.057288169860839844e+01 1.032859367912061010e+01 2.495916304640147132e+01 6.023821220397950071e+01 1.227376252243189825e+01 3.643440842628479892e+00 7.896455443567701238e+00 7.991129904985431409e+00 1.332834028018018202e+01 1.063592371747301257e+01 2.505317809252903416e+01 1.611534777733515256e+01 5.971704686360982173e+00
3.061164027949174127e+01 2.865515633829881992e+01 3.378566466437445115e+01 1.247350487858056667e+01 3.004806065949324179e+01 2.496563766313635213e+01 -4.972754454612726249e+00 3.126679184184810723e+01 2.887905917763709951e+01 3.212443510312883888e+01 3.490515767444263417e+01 2.952324227119484945e+01 2.665178605242892473e+01 2.242238600500698453e+01 3.666856801734781612e+01 2.946695561370542293e+01
2.409007166822755508e+00 5.077378673452733970e+00 2.438039813571506897e+01 1.053344132502873798e+01 9.322285730565825546e+00 1.565609767385158335e+00 5.811726909875869040e+00 6.591541626346791638e+00 5.447837710724430238e+00 7.646868191068141307e+00 3.781497240518084890e+00 9.533101300088075547e+00 8.474882652429315044e+00 -1.300099068674543723e+00 1.691820714496217448e+01 6.560259426222939894e+00
1.127302090244160482e+01 1.623681515203395165e+01 1.949283803304036056e+01 1.619850190480550367e+01 1.586871684823080564e+01 1.643225205722062299e+01 1.487498519420623921e+01 1.588333663853203248e+01 1.555848514804473126e+01 1.248203798087815919e+01 1.422219780900261199e+01 2.010548598195115488e+01 1.575187539302551087e+01 1.726691515692349199e+01 1.903600046769627596e+01 1.668399132340545421e+01
-3.733515457974512231e-01 1.528531079770816703e+00 1.398049978680081118e+01 -8.093156864245731441e+00 7.537316294474024403e+00 6.077170912338342390e+00 -1.003325815200805593e+01 5.486877157557303875e+00 2.284568686668692727e+00 4.178889634353775584e+00 1.151897863795363186e+00 7.858311045914890158e+00 2.239110167566185972e+00 8.825213777094052858e+00 1.078679744365080495e+01 3.498108682432964578e+00
2.577058407995460598e-01 2.304587986162854207e+00 1.015695786476135076e+01 7.208074510097505438e+00 4.959876942021828938e+00 8.861394037047153560e+00 1.965540447235107990e+01 3.130962309556282630e+00 9.014559416816760873e-01 8.613714553297500132e-01 8.869452368129682185e-02 4.389830697638297252e+00 2.064794584437536162e+00 8.627865454246260057e+00 5.572572098588048917e+00 3.811588761787265245e+00
8.687871887452073949e+00 8.446040281947226447e+00 1.309741613070169741e+01 6.235485017299652100e+00 1.033239207479441113e+01 6.543504759021427475e+00 1.141453322172164953e+01 7.627911197460766068e+00 8.001202159546885184e+00 4.610316805896301773e+00 1.079105229088753859e+01 8.586588719859719276e+00 8.804235421322484711e+00 9.194212436676025391e+00 9.829972403229408684e+00 1.026038315940287227e+01
1.264709764884582643e+00 2.954438397477211264e+00 1.052398215929667202e+01 1.028182196617126465e+01 5.862262884033061283e+00 4.266933397268472206e+00 7.715565109252930043e+00 4.612560725793605876e+00 3.432893413305282859e+00 2.267518294709075732e+00 2.811808408661322645e+00 6.467318329960111356e+00 3.183088526935190732e+00 1.994490335727601149e-01 7.441326358408298702e+00 4.339872930319079281e+00
-1.065937175932860859e+00 2.758134942239435894e+00 3.372484314441680731e+00 -6.706151167551679393e-01 6.072016453074475795e-01 -1.793196268703629803e+00 -2.674137687683103337e+00 1.402353705187154409e+00 1.812630080718259151e+00 1.557618877480952957e-01 -3.412867580399361778e+00 3.380365944777923737e+00 2.656187331891272763e+00 -2.734176278114322400e+00 1.121169387731912215e+00 3.718337944798891570e+00
2.586734688530367254e+00 1.008907158399973802e+00 1.366235061486562596e+00 1.925192778309186226e+00 3.746966177197263548e+00 4.050763815641404975e+00 2.387473446130752741e+00 1.085766726877634536e+00 3.539368393329505036e-01 3.305229019551068070e-01 1.961527860525883682e+00 3.738628131027025958e+00 1.138083762346627559e+00 6.951581878908752010e+00 2.977799291880628196e+00 3.102999956857776631e+00
-3.152032382786275289e+00 -6.768432892963922143e+00 -1.661375131872100397e-02 -5.136048942804336548e+00 -1.188467320437744501e+00 -2.878630329733311122e+00 -1.467191410064697443e+00 -2.427322258309621894e+00 -5.775330659747124784e+00 -5.362405250706371085e+00 -3.119646858085287189e+00 2.029806175269173174e-01 -4.622411744820106527e+00 1.201476875050312643e+00 -1.553470185623979205e+00 -5.524378437188365965e+00
2.438664009138030451e+03 1.792836255760374797e+03 5.998844855251802528e+02 4.012314785493837917e+03 1.160444403593990955e+03 3.056982217342136209e+03 5.213934886538220780e+03 1.321548340801916993e+03 1.965703188045702973e+03 2.191149832099475134e+03 2.702222709939665037e+03 1.001870752899423906e+03 1.633242717754852038e+03 3.420496745719794490e+03 8.091583397594840790e+02 1.481178380671939749e+03
1.060519748263888257e-01 6.618617957746478209e-02 1.414930555555549141e-02 1.631266276041666852e-01 3.323506863317748916e-02 1.351902173913042682e-01 2.992675781249999334e-01 4.017006478658528834e-02 7.418870192307691624e-02 8.926246279761898550e-02 1.264130563446969058e-01 2.872721354166658109e-02 5.397927224099093035e-02 1.563341864224137290e-01 1.869288030660370276e-02 5.344710811491930336e-02
