-2.205258730720070730e+02 -2.169560799231896056e+02 -2.164137448120117142e+02 -2.007645972031813528e+02 -2.311280517578125000e+02 -1.956903480893089693e+02 -2.121632953678165450e+02 -2.560961685180664062e+02 -1.588496638799116170e+02 -1.834933917522430420e+02 -2.206036562238420800e+02 -2.055209267934163506e+02 -1.322734227334298112e+02 -2.070454071942497762e+02 -1.382812986066263079e+02 -1.801226937709710683e+02
9.736314586564604667e+01 1.171706199645995810e+02 8.529862518310545738e+01 1.117362319359412339e+02 1.212782384699041103e+02 9.405743811471120353e+01 1.123802824278135404e+02 7.348268000284831203e+01 9.467526089943059731e+01 7.179215383529661665e+01 1.198066294533865630e+02 1.075507377233260513e+02 1.100882532673497138e+02 1.167683630550608740e+02 8.667150595880322328e+01 1.083913532485309617e+02
-3.905704918094710365e+01 -1.969480147575722739e+01 -4.620025618553161451e+01 -3.752675051425513431e+01 -2.385468130761942973e+00 -4.969065352848598849e+01 -2.748351347661235167e+01 -1.351361982027689379e+01 -6.145028263027386828e+01 -5.434228520095349069e+01 -1.410464165146863635e+01 -3.708700439448541886e+01 -5.802218658693377051e+01 -2.714168619829067097e+01 -6.755907249450685015e+01 -4.863120590723478642e+01
3.147051960814231464e+01 3.773711544428116582e+01 3.041455345153808665e+01 3.684466368601872688e+01 3.812796488675203932e+01 3.721287133353096976e+01 3.559631743731799958e+01 1.915378220876058180e+01 3.910371697151054349e+01 3.298201042413712258e+01 3.760759431975228750e+01 3.501447901358969972e+01 4.654364939658872657e+01 3.765718754039091465e+01 3.747555397402855704e+01 3.887797669467762773e+01
1.681465569664450044e+01 2.317803322963225909e+01 1.244247583866118845e+01 1.979310207550342326e+01 2.432829154621471091e+01 1.628810329550788438e+01 1.942746384079391930e+01 3.796939988931020693e+00 1.113233418358585958e+01 1.147032780386507156e+01 2.341959684235709105e+01 1.694151234397521932e+01 1.384421356358836164e+01 2.210621429892147916e+01 8.234162034526960383e+00 1.670255003372828284e+01
-8.290250228681443900e-01 5.350713520095880860e+00 -6.961558142900467594e+00 -4.404658631636543475e+00 1.427874994277954102e+01 -7.824376869627403863e+00 1.125289309534925231e+00 5.420906762282053926e+00 -1.905852153392165604e+01 -1.512671569362282398e+01 7.108702221087033202e+00 -4.885878452505817648e+00 -2.211357766582123219e+01 6.703600736225352463e-01 -2.692705347076542921e+01 -1.113071191298149820e+01
-1.883013374080899638e-01 -7.509372455951521808e-01 -1.639397305548190076e+00 -2.173930554206550791e+00 2.352329281243413117e+00 -6.285372257232670901e-01 -3.839851735948496270e-01 -1.263172483444213690e+01 -4.631611325320283967e+00 -5.089890638366343367e+00 -2.285681856530050737e-01 -2.341262996960915110e+00 -4.716542119701068181e+00 -2.131491026808237876e+00 -7.791925569695800746e+00 -3.006357354995524922e+00
1.219594917285676239e+01 1.149044056351367971e+01 1.001766365468501796e+01 9.220980699016504190e+00 1.488638728315179804e+01 1.104383363070941826e+01 1.082553128213495697e+01 9.681420524915065329e-01 3.639256501002098965e+00 7.248545590788123327e+00 1.268120578410369959e+01 9.051094822967675313e+00 -3.749612454444992693e-01 1.039545896333806496e+01 -1.402355037389245496e+00 6.453019650318697842e+00
2.328252767815316204e+00 4.763848463694258406e+00 -8.772069573402411224e-01 -4.956579692088552980e-01 1.091137316010215841e+01 1.360991349674411044e+00 2.688913974407560747e+00 -3.154462029536566070e-01 -4.897574198448041649e+00 -7.093181107193237134e-01 6.565938218363700507e+00 -1.724637150764447568e-01 -5.929484956687486985e+00 2.923973760885353101e+00 -5.031087400451775160e+00 -2.263502146443741481e+00
1.022936420624746745e+01 9.761620588218553607e+00 6.703424130678177661e+00 1.000323654562234665e+01 1.237677245790308156e+01 1.283173131602150718e+01 1.004826239261541154e+01 1.402804891268413456e+00 1.004471941974203375e+01 8.293939909432083368e+00 1.071879484717335096e+01 9.333556768603809672e+00 1.216607865931526256e+01 1.083725324658786526e+01 8.437824243499385091e+00 9.607286319136617792e+00
2.525804136021460256e+00 1.889671423496323555e-01 5.876648727059362587e-01 1.250867986908322571e+00 1.142950502986257888e+00 3.087043369809782778e+00 1.193021965724924360e+00 -7.139786640803019502e+00 -1.343073044793073656e+00 -3.207331430166956432e-01 9.892637192138606927e-01 1.742549485121026587e-01 1.312151965114374708e+00 2.110742685023474952e+00 -5.241973548166201091e+00 5.485847989718074524e-01
1.166826518142924662e+01 1.267087186376253705e+01 1.187506473064422607e+01 1.153039403626551973e+01 1.472088046507401948e+01 1.153056740420205273e+01 1.265093708038330078e+01 -4.421424508094787598e+00 1.143272139611890736e+01 9.831811873242259026e+00 1.368089817251478024e+01 1.127425013329738235e+01 1.218797309648606131e+01 1.299216357118943144e+01 7.160380737435436238e+00 1.075748531838767619e+01
3.547361240375281444e+00 8.344790132381980641e+00 3.483326966762541055e+00 6.829097330340972327e+00 9.678336064923891868e+00 3.333571825708666836e+00 7.963751650876832677e+00 -4.072220434745154272e+00 5.950513232562502530e+00 1.498087951913478655e+00 1.102440719732216579e+01 6.651535836931985024e+00 6.967140290044969930e+00 7.546775104719048777e+00 3.429406808749321467e+00 5.708253639885502828e+00
1.856668846146799751e+03 1.216577963800130647e+03 2.209773844231152907e+03 1.539157466324847064e+03 8.402368367506525146e+02 1.982654903394231951e+03 1.433476017604684785e+03 2.833140265302245552e+03 2.099304466575680181e+03 2.425492711447588590e+03 1.073513913669910380e+03 1.646470211385971652e+03 1.861458747343559480e+03 1.331420043155189205e+03 2.249036158798540328e+03 1.747701391232808874e+03
1.049278109681372750e-01 4.181064703525642912e-02 1.514746093750000411e-01 7.622821514423085143e-02 2.525745738636366033e-02 1.444289434523809701e-01 5.920520129504505680e-02 1.353352864583333426e-01 1.628252449682202341e-01 1.819000244140625555e-01 3.459821428571437096e-02 8.011255508814112136e-02 1.256615423387097141e-01 5.463005514705891047e-02 1.852869833669354427e-01 1.059528579059829112e-01
