-2.137241550021701073e+02 -2.210829661442683118e+02 -1.611001298086983695e+02 -2.068983740912543396e+02 -2.085717458441706071e+02 -2.227920306279108900e+02 -2.127305689419017085e+02 -2.066276825106873787e+02 -1.971701024892378769e+02 -2.022165147648301229e+02 -2.088924033425070945e+02 -1.675679805278777792e+02 -2.053238340808499061e+02 -2.153591114044189112e+02 -1.876528902920809401e+02 -2.037855370563009387e+02
8.123025023631558383e+01 5.864691783220337840e+01 4.007027680533271052e+01 7.453720697473596601e+01 9.476873446927208988e+01 5.378828525543210759e+01 6.609135854945461119e+01 6.154786946822184035e+01 1.079449223109653815e+02 5.079322974626406051e+01 2.996402064236726659e+01 4.431062865257261763e+01 8.737546834638040139e+01 7.784070017678395459e+01 4.939925292043973570e+01 7.250645317409349389e+01
4.026586896333939336e+01 4.541273009471404976e+01 4.153670719691685065e+01 3.884930629928906853e+01 3.387324254347548447e+01 4.491463202696580481e+01 4.076147712241201049e+01 4.389240596732315680e+01 2.626996515235124008e+01 4.342051974008249715e+01 4.742412168329412481e+01 3.986857473850250244e+01 3.693637412882620197e+01 4.057124844959804477e+01 4.333504590121182787e+01 3.699084427460380908e+01
2.878352492894882175e+01 2.700096373068981137e+01 1.338324022293091531e+01 2.637462805288809164e+01 2.737700967505427130e+01 2.509232683365161520e+01 2.812278857871013926e+01 2.885885573406609339e+01 2.767290374210902471e+01 2.187462150218875223e+01 1.873536777496337535e+01 1.402639173530042882e+01 2.594952540243825467e+01 2.726492102486746916e+01 1.882203339085435090e+01 2.486384638962538673e+01
1.389001591083331277e+01 1.290872855217028992e+01 1.342196570123944888e+01 1.220645202707361499e+01 1.459081139186821652e+01 1.461039542693358406e+01 1.235415922324447280e+01 1.173578918405941707e+01 1.886406768098169806e+01 1.312078740984894587e+01 1.232792446830055866e+01 1.212770791351795197e+01 1.521394168513436362e+01 1.317965792140790704e+01 1.284099312984582220e+01 1.184904715729796543e+01
1.493034853486933322e+01 1.314380885087526885e+01 1.097666969043867979e+01 1.515964636096247631e+01 1.644018158228090343e+01 1.163327334935848612e+01 1.424799685793764503e+01 1.408774273127925802e+01 1.645481591321984283e+01 1.113918283651041463e+01 6.586326203562997250e+00 1.077467069216072737e+01 1.662212633125243144e+01 1.408113682780946974e+01 1.055199901985399791e+01 1.510975019983622936e+01
9.857378761483053253e+00 9.437342426715753518e+00 1.001554101705551147e+01 1.017846732669406506e+01 8.447957714595416334e+00 9.674901383427473078e+00 9.584727494155659500e+00 1.119404725791239663e+01 2.161072772984592660e+00 9.118669709493946840e+00 8.197355974804271028e+00 9.314996005035936832e+00 9.264584939806692176e+00 9.196494490759713258e+00 9.978043191360704611e+00 9.902988589587417678e+00
1.427151244114606676e+01 1.301390220683354570e+01 1.197997001239231629e+01 1.340902338337015109e+01 1.385857251847144411e+01 1.278827051359873401e+01 1.277498543656924035e+01 1.403698172131363187e+01 9.932690922094849384e+00 1.280521961977315470e+01 1.107682228088378906e+01 1.208831062912940979e+01 1.444248591411498239e+01 1.365235356731074035e+01 1.283339667320251465e+01 1.248035561468290133e+01
-1.333535465801883202e+00 -1.012042235678587643e+00 3.718114512307300501e+00 -1.741034129703487476e+00 -3.484927895930737485e+00 2.451608352936218704e-01 -1.271861305131631870e+00 -7.199838410834892288e-01 -6.758810889355991947e+00 7.448029130004163445e-01 6.666333133524118271e-01 2.708427049219605642e+00 -2.447037517303422671e+00 -1.308523024192880246e+00 1.649138678203927233e+00 -1.801449233423109142e+00
4.527569401850051634e+00 4.792838411453441694e+00 -8.671881769384666150e-01 3.556069755774957653e+00 2.612498461019875151e+00 5.075896188043630630e+00 2.518524590605760949e+00 2.832688748228306963e+00 2.417925121832867230e+00 3.387638415361560185e+00 2.808300625194203093e+00 3.404252398759117781e-01 2.680470720894875036e+00 4.422163521125916930e+00 2.908855329860340788e+00 1.910091749481535262e+00
-8.018285413073685808e-01 1.110710858534543100e+00 -3.237433435661453807e+00 1.745114781238399360e-01 -4.028892349488665481e+00 1.468942848535683687e+00 4.512334312586209206e-01 1.851752148599039582e+00 -1.579050088415341335e+00 4.881321330403171066e-01 3.633463729511607010e+00 -2.153615619055928132e+00 -3.208340276152858550e+00 -7.802814802953184081e-01 -1.654447219588541351e+00 1.632425406704766102e-01
3.926796701474066786e+00 4.014090824585693440e+00 6.628703911389646208e-01 3.332490422107555084e+00 3.268999554143092734e+00 3.376843120616215721e+00 3.947738049223143086e+00 4.060673404408959186e+00 5.007383358721829936e+00 2.693508885627567739e+00 5.571133461865510839e+00 1.250595104880631858e+00 3.074783333967770815e+00 3.797874294327839184e+00 6.598628678105122880e-01 3.607005402057066767e+00
-3.093544744782976696e+00 -2.318465242019066341e+00 9.483944107379228328e+00 -3.176180203424557646e+00 -3.644826210961490176e+00 -5.332002605383197036e-01 -3.509792802964939007e+00 -2.476485532461377481e+00 -4.881567332209374221e+00 3.268795463927951506e+00 2.984200250018728351e+00 8.098488187417382633e+00 -3.716234278576000527e+00 -3.657228185875077031e+00 4.066166079405576284e+00 -2.534274268279904430e+00
2.171483908307207457e+03 3.056925251784786724e+03 4.236416300777242213e+03 2.447348889134799265e+03 1.822200981135390748e+03 3.261274987130369482e+03 2.723049455356163890e+03 2.875744872892933017e+03 1.553707142490046863e+03 3.490730660119158983e+03 4.556533426178852096e+03 3.987525867452134662e+03 2.029119180776339817e+03 2.309738499932053855e+03 3.703474194721046388e+03 2.579181106891165655e+03
5.515491452991450050e-02 8.757762419871793769e-02 1.230817522321428492e-01 6.730324074074071905e-02 5.144357209158413602e-02 9.444486177884613143e-02 7.562973920036765441e-02 7.430843431122449716e-02 4.162348533163262587e-02 1.022551780523255627e-01 1.761363636363636465e-01 1.208496093749999722e-01 5.401020665322581182e-02 6.193150111607139546e-02 1.055871212121211877e-01 7.377292798913043237e-02
