-1.796276887746957982e+02 -1.738217710607192430e+02 -1.565209360758463504e+02 -1.111355124386874422e+02 -9.271794382731118844e+01 -1.532697376410166328e+02 -1.138933908144633165e+02 -1.069654256244038635e+02 -1.627664652857287422e+02 -1.996626093011153671e+02 -1.759220922369706273e+02 -1.720951135926327709e+02 -2.330313086258737769e+02 -8.585596466064454546e+01 -1.776272232055663949e+02 -1.259308771910491060e+02
1.403397991473858042e+02 1.192162776273839597e+02 9.356860453287760038e+01 1.148862410458651340e+02 7.060189310709635890e+01 1.319831923643747871e+02 8.022355715433755563e+01 1.221775049608807251e+02 9.967588464145001126e+01 1.521946672138414840e+02 1.255208684017783725e+02 1.144753867973715415e+02 1.673953728926809106e+02 1.287797856648763002e+02 8.422476425170897585e+01 1.096607732419614365e+02
1.316962789342953677e+01 1.399638738351709755e+01 1.408617962996165041e+01 1.153272522579540116e+01 3.679624048868814867e+01 1.391600827251871486e+01 3.117038067181905348e+01 1.008952958569970448e+01 1.150367255868582816e+01 1.264942738570665171e+01 1.649841901973674396e+01 1.383483922077437533e+01 1.327633904155931965e+01 1.006877336833212411e+01 1.474799823760986328e+01 1.168415273118902320e+01
2.280310252996591203e+01 2.616426682939716741e+01 2.518970940907795963e+01 2.011213844472711543e+01 1.764209810892741004e+01 2.172678722441196442e+01 2.020538981755574426e+01 1.887018260290456340e+01 2.285489240185967930e+01 2.095293220720792959e+01 2.246146835151471421e+01 2.412849995241326795e+01 2.468539047241210938e+01 2.001782336764865278e+01 2.702833728790282919e+01 2.165400457382202148e+01
-7.025167022330254696e+00 -3.550772112082032361e+00 -2.815395025412241292e+00 -6.721925731409679194e+00 -1.104641497135162354e+00 -5.821848595359672807e+00 -5.929250766833622954e+00 -5.939288684101991400e+00 -6.063383735459425772e+00 -5.192439079284667969e+00 -5.908067256996505812e+00 -4.077854508060520189e+00 -5.236184777397857815e+00 -3.458601096603605818e+00 -1.453304898738861706e+00 -4.125567599027245791e+00
3.207620040728496047e+00 4.176031071181392385e+00 3.630435736974080285e+00 1.140682383355767548e+00 5.000979900360107422e+00 3.531319212478896130e+00 6.545148849487306464e+00 2.314792140278705723e+00 2.980327723355128633e+00 5.159516035726197103e+00 2.053305676108912792e+00 2.371767553990170807e+00 6.716009077272916628e+00 3.035291779703564341e+00 6.526448893547058816e+00 1.730882474669704241e+00
-2.274283742675414999e+00 -1.752184530099232695e+00 -1.368117276827494733e+00 -3.703631482341071646e+00 -3.535864700873694311e-01 -2.400287895152966922e+00 -3.216459448138873078e+00 -3.158310424796371141e+00 -1.852300339731677070e+00 -2.115415761345311729e+00 -3.115500989517097530e+00 -2.725608485229944478e+00 -2.108933840927325054e+00 -2.466496880849202711e+00 -2.377402210235595614e+00 -2.387125196556250550e+00
5.216952368043935806e+00 4.481285483521574520e+00 5.391522741317749556e+00 2.066381207243963125e+00 5.484489599863688447e+00 4.575697688618674874e+00 4.897063662608464263e+00 3.413169862919075648e+00 3.686201874552102353e+00 5.107728053080408337e+00 4.270779560467129699e+00 4.320135978318877079e+00 5.703421630357441430e+00 3.249136764473383732e+00 5.640538096427917480e+00 4.940512252074700683e+00
1.558047068806804880e-01 -1.515113516181123110e+00 -1.637757015228272106e+00 -2.691176325760103349e+00 -2.007312258084615220e+00 -1.109124904808878043e-01 -2.373751252889632735e+00 -2.331057166637374944e+00 -2.267339777329870909e+00 2.026414361831390565e+00 8.005861977214090430e-03 -1.502157145258733895e+00 5.458120932704525252e+00 -2.292463238371741596e+00 -2.317846786975861217e+00 -1.621482747296491667e+00
3.704587204811662815e+00 2.276597456020467813e+00 1.083223026990890903e+00 2.111729201945391043e+00 -1.999661127726239940e-01 3.030354907425742539e+00 -2.447176575660705566e-01 1.389494376127110575e+00 8.013223656292625119e-01 4.961363373618375761e+00 3.407333959678283897e+00 1.745685501876524715e+00 7.109988221996706770e+00 3.075620743963427550e-01 7.941564619541170433e-01 1.776249419759820869e+00
-5.532302562433939919e+00 -5.097392850062426817e+00 -6.025537894666195271e+00 -5.218235732479529432e+00 -6.036072572072346709e+00 -3.926535649845997344e+00 -2.996357887983322144e+00 -4.511380894932636387e+00 -4.852438277211682305e+00 -2.617757235702716123e+00 -4.658924111018055036e+00 -4.202119847475471737e+00 -2.461175247242576525e+00 -4.384627813100815175e+00 -3.680033707618713290e+00 -4.288578378933447510e+00
4.263016668649820318e+00 2.920437377457525407e+00 3.946630938847860204e+00 1.760019773786718700e+00 6.599339485168457031e+00 4.522191554773598909e+00 2.420345713694890932e+00 1.748333408388980992e+00 2.054196141917130625e+00 6.051751121094352648e+00 3.839562903109349890e+00 3.938793433419728984e+00 7.140685520674053599e+00 3.101872275273005464e+00 1.595129635930061740e+00 1.826236739202782511e+00
-6.138866039422834486e-01 -3.613869533234943532e-01 -3.300881246974070482e+00 -3.423127567226236678e+00 -2.238252123196919907e+00 -5.950976482902956555e-01 -2.255684773127238252e+00 -4.556710363820541509e+00 -2.616212200501869312e+00 4.883494839856499237e-01 -9.786078157393550692e-01 -7.271546196129359263e-01 1.670647244312260193e+00 -4.858014654450945713e+00 -3.414071203768252794e+00 -4.555681488580172633e+00
1.283507813035861545e+03 1.641519021038697474e+03 2.329542324025000198e+03 1.848138213814152095e+03 3.244456458364427817e+03 1.430242994182777011e+03 2.806052739894093975e+03 1.704730496533916721e+03 2.141231295877926641e+03 1.095837784043957527e+03 1.546215187897760188e+03 1.775691053591528771e+03 8.872978989725346537e+02 1.557021611784179186e+03 2.544410861584384293e+03 1.965286099220946198e+03
4.795485276442306571e-02 5.773207720588235253e-02 8.717447916666666574e-02 6.493030894886364646e-02 1.748046875000000278e-01 5.056254069010415048e-02 1.092122395833333148e-01 5.887763444767441651e-02 7.684536637931034531e-02 4.317434210526314986e-02 5.408999794407894773e-02 6.077032574152542443e-02 3.654399671052631360e-02 5.435112847222222515e-02 9.340820312500000555e-02 7.204861111111110494e-02
