-2.564643920188726725e+02 -1.890120309193929131e+02 -2.390986594548301412e+02 -2.079349203256460612e+02 -3.029329028951710825e+02 -2.291308515899035285e+02 -1.921500282287597656e+02 -2.096043327950142725e+02 -2.546130529665479685e+02 -2.381763185199938277e+02 -2.411235692450341048e+02 -2.087949981689453125e+02 -2.022509297457608568e+02 -1.986905997947410469e+02 -1.917067359924316747e+02 -1.978422615297379252e+02
1.603365432384402141e+02 1.397233130137125556e+02 1.851473049587673643e+02 1.747900970458984489e+02 1.849111043995824275e+02 1.515451909279336746e+02 1.228608506520589287e+02 1.610072225622228643e+02 1.710002225988051521e+02 1.433567352294921875e+02 1.908327062079247014e+02 1.054530944824218750e+02 1.838333022377707664e+02 1.690028129860207002e+02 1.528189598083496037e+02 1.351759434361611625e+02
-3.857791927248932495e+01 -4.732274391253788792e+01 -3.652524245731414254e+01 -4.610886588463416302e+01 -1.698159335399495973e+01 -4.531424962257852229e+01 -4.706355333328247070e+01 -4.889843868564914686e+01 -3.486902603448605475e+01 -4.478401254352770167e+01 -3.067347100440491658e+01 -2.908180618286132812e+01 -4.295410676435990638e+01 -4.825803491804334300e+01 -5.228848247528075888e+01 -4.618764754264584838e+01
2.145113664449647572e+01 2.435131847858428955e+01 1.862131002403441471e+01 2.525959781683409133e+01 1.420948172437734236e+01 2.388053319892104653e+01 2.470673759778340539e+01 2.334998325399450181e+01 1.695892010892139723e+01 2.348433876037597656e+01 1.872575068473816629e+01 2.249580192565917969e+01 2.436555002494291955e+01 2.544034175519590590e+01 2.799720463752747435e+01 2.546232112761466837e+01
-6.002584554428276320e+00 -1.394148334860801874e+01 -8.609950287001472802e+00 -8.908793406303111340e+00 1.326091973946009972e+00 -9.577373080715840814e+00 -9.646679004033407168e+00 -1.081412381114992272e+01 -1.051465293356016417e+01 -7.240374609043722209e+00 -8.687913384843378495e+00 4.551765918731689453e-01 -8.868145567449655431e+00 -1.152009073893229107e+01 -1.265721588730811931e+01 -1.274136063192159973e+01
-8.386702390604240165e+00 -6.430446776250996699e+00 -8.846845554927037725e+00 -6.128811374994423744e+00 -1.228367480738409512e+01 -8.707283040698692744e+00 -5.624009211858112423e+00 -8.586837043230596933e+00 -8.070763616585262312e+00 -1.259214292701921778e+01 -9.618889042671689538e+00 2.117922067642211914e+00 -6.958616346120833462e+00 -7.144974797274226574e+00 -8.818667609989642386e+00 -9.346351808117281834e+00
2.170024638952230411e-01 -5.579183414578436029e+00 -2.892579711145824017e+00 -2.330870322539254857e+00 -2.120206340119755062e+00 -3.375106316439958398e+00 -6.267651601384081061e+00 -3.991975379956733683e+00 -4.508184200408402731e-01 -1.115647868106228735e-01 -1.163225925349173684e+00 -1.865634918212890625e+01 -5.758110472424462500e+00 -3.547829164399040280e+00 -2.443827653303741521e+00 -2.015801108652544471e+00
-2.586333073848901432e+00 1.722569157679874952e+00 -6.679943473566149592e+00 -1.645035573152396680e+00 -7.594821634991420822e+00 -9.308207372621617459e-01 -7.603587309519446169e-01 1.173887141653005894e+00 -6.292911028160771636e+00 -2.155664807871767952e+00 -5.106150559288394675e+00 -1.339993476867675781e+01 -5.799578834663741134e+00 -1.228068295452331871e+00 8.379790231585473315e-01 1.358340148002868730e+00
1.606132912081344344e+00 -1.865263372659683672e+00 -4.636794738353241740e+00 -1.595360209391667672e+00 -4.310294606562315778e+00 1.602309436214216731e+00 -7.216776708761856174e-01 1.881741729942532082e+00 -5.398361844759358874e+00 6.710645663110836878e+00 -5.858549068582815877e+00 -2.672117471694946289e+00 -5.207361267371608093e+00 -3.775817954153924294e+00 -1.887899361550808175e+00 -9.596149613780363685e-01
-2.403270223112993875e+00 -1.290029689669610402e+00 -6.040276257764723766e+00 -4.863908708095551425e+00 -5.950999313387379530e+00 1.608726472270736174e+00 3.217364708582558741e+00 -2.623426066057102268e+00 -8.314438207476740672e+00 5.733412673598846432e+00 -6.247968383291935268e+00 2.256429672241210938e+01 -4.597406158393080311e+00 -5.936606563903668921e+00 -2.422749205678702555e+00 -1.515860126864527313e+00
-1.373267897894215928e+01 -1.570974009484052480e+01 -1.221614748334127576e+01 -1.531742684107560315e+01 -1.066479601942259592e+01 -1.371076367582593392e+01 -1.316103123625119409e+01 -1.725273245411949929e+01 -1.537578533677493553e+01 -1.207163478826221414e+01 -1.162841705058483122e+01 3.028127193450927734e+00 -1.232161563160744322e+01 -1.517135286331176758e+01 -1.832866024971008301e+01 -1.773568099544894139e+01
-6.640543643818347164e+00 -1.077497551838556866e+01 -5.976744078454517606e+00 -5.852091420613805717e+00 -6.566793893945628291e+00 -9.103301999520283516e+00 -1.427344389756520471e+01 -1.027939259039389519e+01 -7.066366830292870382e+00 -1.772788097983912792e+01 -6.372933188651471070e+00 -2.251393318176269531e+01 -2.719678320667963334e+00 -4.841108302275344499e+00 -9.898236650228501077e+00 -1.262274203761931446e+01
-5.648003833238469440e+00 -3.511701044936975880e+00 -5.940154781417241736e+00 -3.561211947982128923e+00 -5.602214768015105761e+00 -3.725489696677851459e+00 -7.765934467315675604e+00 -3.387820076298070582e+00 -2.518595516681670254e+00 -1.391152330135043869e+01 -5.708134153421889678e+00 -2.044389343261718750e+01 -1.932320899584077267e+00 -4.948982105210912863e-01 -3.864175772666932129e+00 -3.404929511008725651e+00
1.225771114715640806e+03 1.557307684758835876e+03 1.020012689563367076e+03 1.172324826730633504e+03 8.604822139372276979e+02 1.385348308817794987e+03 1.791951069849668784e+03 1.318060636046726813e+03 1.121484363667709658e+03 1.490075075462199720e+03 9.365160249525877134e+02 2.152979572547279531e+03 1.084074102883897012e+03 1.255446323894411080e+03 1.442013298953868798e+03 1.632682284177483552e+03
8.702761627906976938e-02 9.985351562500001388e-02 6.697978670634921472e-02 7.829777644230770384e-02 5.187567349137932327e-02 9.476642219387755584e-02 1.260986328125000000e-01 9.012748099662162837e-02 7.811542585784314596e-02 1.090409128289473728e-01 6.085854388297873285e-02 1.474609375000000000e-01 6.749378551136364646e-02 8.394820601851851749e-02 1.000976562500000139e-01 1.155966481854838745e-01
