-1.456409973611636701e+02 -1.714279263814290459e+02 -1.897832530793689330e+02 -2.178719977328651680e+02 -1.508915263584681838e+02 -2.255098921252834998e+02 -2.308511505126953125e+02 -2.438033485412597656e+02 -1.707881518046061160e+02 -2.113329065401259754e+02 -1.578600939453625074e+02 -1.513086608133198183e+02 -1.856921276092529354e+02 -1.318195395836463035e+02 -1.916729949951171932e+02 -2.246182044534122042e+02
1.225853937888632004e+02 6.193935585021972656e+01 8.838739722115653308e+01 1.303982174521998445e+02 1.059303636823381680e+02 1.468686539434617657e+02 5.192597198486328125e+01 1.455517568588256836e+02 7.329095153808593466e+01 1.241134080233639168e+02 9.717318938208407531e+01 1.153752431045343911e+02 7.961355056762695881e+01 8.529084190955529721e+01 6.182718200683594034e+01 1.114074434766582442e+02
-4.953116000915056105e+00 2.343181435267130297e+01 1.173242485913492317e+01 1.208183945499752632e+01 -3.334494002376278132e+00 2.263852898944771752e+01 7.073232269287109375e+01 3.427780938148498535e+01 1.684671376546224053e+01 1.715709894385240020e+01 2.679668371794646120e+00 -2.569607867134930501e+00 2.770142041444777448e+01 1.498634001383416958e+00 4.931411056518554403e+01 2.175031679751826630e+01
3.554560957149583089e+01 3.416780916849771899e+01 3.767786684490385340e+01 4.360521130812795576e+01 3.757318876811436326e+01 3.833336577876921325e+01 3.098147583007812500e+01 4.312781524658203125e+01 2.955322532653808665e+01 4.182414590495906737e+01 3.944501648574578923e+01 3.814594662630999267e+01 3.354773349761963175e+01 3.366920131903428626e+01 2.784885444641113139e+01 4.280298408807492905e+01
-3.503256582483953885e+00 -6.995131095250448183e+00 -4.384366415795826200e+00 -1.631856218372521150e+00 -5.259984550731522823e+00 1.166953823258797041e+00 2.702275991439818892e+00 3.592240639030932936e+00 -3.652610405286153661e+00 -3.998916310704734745e+00 -3.547504614611141527e+00 -4.226037861388407535e+00 -1.827848839759827149e+00 -3.919858733048806165e+00 7.611336231231686789e-01 -2.129595559601690447e+00
1.019439453738076296e+01 4.749661187330882051e+00 8.170806007725852638e+00 1.239520829131728519e+01 9.571003368922642807e+00 1.382553211719758757e+01 6.290231227874755859e+00 1.953411459922790527e+01 4.697126547495526161e+00 1.098922835637445417e+01 1.093610953209830328e+01 6.904432445028682253e+00 5.984295177459718396e+00 6.679738214382760830e+00 7.680996847152710139e+00 1.087247049107271124e+01
-1.637092512481086726e-01 -9.310984412829078627e-01 -1.111051143634886440e+00 2.479631003580593074e+00 -1.316312422071184152e+00 -1.897856309288933785e+00 -5.621343851089477539e-03 7.901375800371170932e+00 -1.503052075703934232e-01 1.272323233624010896e-01 4.203289473643075924e-01 -3.000503808627894564e+00 -1.531165027618407892e+00 -9.789106777081113542e-01 1.874520874023437811e+00 7.852871417999260917e-01
3.970091829494571956e-01 1.574572960535685517e+00 5.907388549475436346e-01 1.070487544724817441e+00 1.366278127261570718e+00 -1.770181171836392675e+00 -1.318967700004577637e+00 5.079843670129776001e+00 2.273409255345662849e+00 1.443235045834764474e+00 3.017692190701843025e+00 3.721819255087109868e-01 1.446022689342499223e+00 -9.218837274954880812e-01 6.391584587097169035e+00 3.490315415111242991e+00
-2.123674757018381154e+00 -8.647100528081255177e-01 -3.514069430884862122e+00 -4.758568311208169810e+00 -1.220328248185769349e+00 -3.936920379438709094e+00 5.921077728271485263e+00 1.560811534523963040e+00 -1.998104508717854388e+00 -5.676161592953818058e+00 -1.060408739770045905e+00 -3.604288689884139529e+00 -2.424727813526987852e+00 3.719528099665270204e-01 2.375376367568970082e+00 -3.618700732203092851e+00
1.978718937659749377e+00 1.231401364008585020e+00 1.631281955611137535e+00 1.080322465222132156e+00 3.356458648187772731e+00 2.409307366417299257e+00 1.313628864288330078e+01 6.105914846062660217e+00 1.042256426811217995e+00 1.109613673327722205e+00 2.488096386194228682e+00 8.816832120035915654e-01 1.477472588419913357e+00 2.849083428199473911e+00 5.026198577880858664e+00 2.239040405142541434e+00
-6.773022536112338621e+00 3.589444160461425781e-01 -4.251068989968016965e+00 -5.132472815286172718e+00 -5.639367167013032756e+00 -5.010112528839419710e+00 4.458862781524657315e+00 -2.726038247346878052e+00 -2.538679536183675811e+00 -5.604473018482940994e+00 -5.121632486093240288e+00 -7.085907768136186391e+00 -2.040006136894227051e+00 -4.569794106941957423e+00 -2.751274275779724388e+00 -3.451046637460298161e+00
4.215555991445267381e+00 1.308008106549580774e+01 7.124839935983930062e+00 4.614144530735516447e+00 5.378086893899099330e+00 5.182756194664584370e+00 9.034051895141601562e+00 6.853218048810958862e+00 1.136025417645772251e+01 6.260348140376886583e+00 8.563892578003835965e+00 6.410649025881730800e+00 8.596170805394649506e+00 6.470681181320776076e+00 4.953170680999756215e+00 8.193297072952868021e+00
-1.176546046685199443e+01 -8.055692036946615175e+00 -8.750032748494829704e+00 -6.463879353905978675e+00 -1.117429733446666162e+01 -5.838141011614952802e+00 -1.790731191635131836e+00 -6.247229307889938354e+00 -6.088898861408233998e+00 -7.478631923459980513e+00 -8.182233846578441216e+00 -7.912933596858271912e+00 -7.229041630029678700e+00 -8.939746586176065435e+00 -7.560876846313476562e+00 -6.219333586739558939e+00
1.330250553480998406e+03 2.735488235674589305e+03 1.961638148142246337e+03 1.095410826172188990e+03 1.645446961034127753e+03 9.219941341997180189e+02 3.687007566199038592e+03 6.826406985210259108e+02 2.466692784570754156e+03 1.227817362493485234e+03 1.803201371403179564e+03 1.502967818211938038e+03 2.220720006081532574e+03 2.101518949160582906e+03 3.072138330308781406e+03 1.379333280090995459e+03
6.320750956632652240e-02 1.310221354166666574e-01 9.766787574404764416e-02 3.872198807565786771e-02 7.980608258928571785e-02 3.460496471774190952e-02 1.088867187500000000e-01 2.111816406249999306e-02 1.142578125000000000e-01 4.357742936643833886e-02 8.579341700819671790e-02 7.262731481481481122e-02 8.107910156250000555e-02 1.045109675480769273e-01 7.451171874999999722e-02 4.569738051470589868e-02
