-3.430711034959361427e+02 -1.977819986494760656e+02 -2.159118036476962743e+02 -1.329924959818522439e+02 -3.329550098237536986e+02 -1.259274260577032720e+02 -1.914055096762521089e+02 -2.214672023228236810e+02 -1.630804466714663761e+02 -3.575088134039013994e+02 -1.688673101726332106e+02 -2.028131534509491303e+02 -2.390823467165924967e+02 -2.445601752496534687e+02 -1.294698401557073453e+02 -3.052566606570513272e+02
1.625604078231319534e+02 1.529260963561043241e+02 1.785317163122705892e+02 1.454962443033854242e+02 1.534356878371465882e+02 1.730471584095674302e+02 2.013621335710798519e+02 1.828802535193307506e+02 1.894521946809730082e+02 1.638572111583891626e+02 1.444702517860814623e+02 1.721050653290330388e+02 2.039974968488826619e+02 1.891455268449681171e+02 1.779369089762369924e+02 1.627664030026166984e+02
-6.342739475350263945e+00 -5.465064518035402585e+01 -5.014777059440155682e+01 -4.683493715922038092e+01 -2.282916847864785836e+01 -4.886427966286154856e+01 -3.844272392136710437e+01 -4.344340637751988510e+01 -4.639642269757329274e+01 7.362245409616356540e+00 -5.279716888226959526e+01 -5.300770660868865036e+01 -2.869777175992035012e+01 -3.583568185375583681e+01 -4.606749776204427604e+01 -3.247940043914013586e+01
4.519294583989704961e+00 2.260618881384531775e+01 1.847383734458182403e+01 3.132906932830810476e+01 8.142289062341051320e+00 3.534178932975316911e+01 2.717433748926434234e+01 1.910044395497866887e+01 3.309281397838979188e+01 4.966683377822214140e+00 2.388787223163404150e+01 2.072907862433216053e+01 1.731911619319472351e+01 1.615517642677471244e+01 3.721648752424448503e+01 3.577936670719036982e+00
1.501153085308690471e+01 -7.302063368142595934e+00 -1.188132567488284774e+00 -9.314197878042854484e+00 1.978023463203793497e+01 -1.055611361300243800e+01 -1.181729381637913079e+00 -2.151840639832827584e+00 -5.330669586907843538e+00 1.317564673508916151e+01 -1.120390848737013734e+01 -3.323665222316456003e+00 6.652055705702583310e+00 2.137390240225741422e+00 -7.397304509621528190e+00 8.453649349701711557e+00
-8.403929611848244718e+00 -4.600811045557737344e+00 -9.315309162240430041e+00 -1.292159133950869077e+01 2.422332768638925771e+00 -8.265237232341489104e+00 -1.525456572430474367e+01 -1.223475176002830977e+01 -1.324960899535491343e+01 -8.834950134867719740e+00 -5.793721197467103678e+00 -7.988977145730403073e+00 -1.610991747989211476e+01 -1.392099426766878167e+01 -8.843913703494598266e+00 -9.056964623622404176e+00
-1.336522292994684236e+01 -1.083324638907871496e+01 -9.528294548930899666e+00 -2.148260107040406197e+01 3.587636911088500469e+00 -1.487306629559573068e+01 -1.523601910684790894e+01 -1.248171936494431478e+01 -1.652794903151843897e+01 -1.051396830876668353e+01 -1.479770513427886058e+01 -1.142582074984124318e+01 -1.161386962269627787e+01 -8.984197727775065090e+00 -1.807845616870457661e+01 -3.936488030812682837e+00
-1.609340090040236859e+01 -8.455567390199693278e+00 -8.777050823152778847e+00 -9.898835329214731971e+00 -6.913094534760430676e+00 -8.860721131019735353e+00 -1.253411137206214043e+01 -1.051903960614332334e+01 -1.361725958756037791e+01 -1.328707519599369746e+01 -8.775162830948831427e+00 -9.132894001509015425e+00 -1.355734392654064280e+01 -1.000690837444797765e+01 -1.308768359488911415e+01 -9.692312173354322269e+00
-1.434722383560673364e+01 -1.133610978864488672e+01 -6.399471067879583863e+00 -1.273034362395605079e+01 -1.159443802918707611e+01 -8.724357928423319919e+00 -1.193540072866860591e+00 -5.085477548518364088e+00 -7.599836906608273601e+00 -1.594256039744332121e+01 -1.140556046366692300e+01 -6.966613425497428125e+00 -2.163481346396523008e+00 -1.532934652861739799e+00 -1.140901152425342602e+01 -5.952347966340871821e+00
-8.699480842198093811e+00 -1.136160770815516141e+00 2.139446881700723946e-01 -2.530496728420257302e+00 -1.081974943195070615e+01 -3.043327837305910499e+00 6.974124669230429063e+00 -1.510594375165445147e+00 1.569304576333688361e+00 -1.137446624466350364e+01 -2.996194375580862435e+00 4.873668624643696656e-01 2.313460291818131509e+00 -8.076198254862121395e-02 -1.187709450721740501e+00 7.894704011770395269e+00
-4.508528179699374583e+00 -1.102061438938928006e+01 -5.579491939530314859e+00 -1.682489784955978251e+01 -1.534674500283740883e+01 -1.958482072151759112e+01 -1.089159665363172991e-01 -7.123760080763271496e+00 -5.677336509130439524e+00 -7.576141005470638845e+00 -1.090477568068002334e+01 -8.822333862907008495e+00 -3.460753083229064941e+00 -3.545468843992679364e+00 -1.202146077156066895e+01 5.749399856879161774e+00
-1.451014837911177580e-01 -9.848131330240340375e+00 -9.753057811274587152e+00 -1.149422055284182242e+01 -1.971036720275879617e+01 -8.421035165295883473e+00 -5.957000788700364424e+00 -1.219264314855848852e+01 -4.270253273677464101e+00 2.397140869427284215e+00 -7.803167034528757817e+00 -1.155052133505804868e+01 -5.840816026510195158e+00 -6.686548532978177306e+00 -5.192070004012851570e+00 -1.766409065478893758e+00
5.998550976476379581e+00 -5.813178517515694033e+00 -8.396684110164645887e+00 -8.739927083253860474e+00 -1.369222729830515206e+01 -8.320511916104482708e+00 -1.246824213223796818e+01 -1.127297310690795484e+01 -7.354350674517300845e+00 1.195196004140947466e+01 -8.652106297643568311e+00 -9.111161581779779084e+00 -1.050479918718337480e+01 -1.039897418791248285e+01 -2.781645073327764450e+00 -3.023919230852378792e+00
7.726874814306456756e+02 1.212362379524878861e+03 1.041591835228017317e+03 1.440863286843400601e+03 9.013110024219554361e+02 1.168808503895141484e+03 8.855323116642092600e+02 9.716778059515560244e+02 9.791930204307104759e+02 6.753046632608043183e+02 1.310857997956562031e+03 1.118347217166595101e+03 8.031700281260505108e+02 9.076149426537101590e+02 1.065633992322033691e+03 9.828272688368089121e+02
4.548103578629032057e-02 6.945219494047619180e-02 6.441782756024096168e-02 9.355468749999999722e-02 5.904715401785714385e-02 7.100183823529411520e-02 5.697631835937500000e-02 5.897739955357143155e-02 5.604771205357143155e-02 4.467192150297619180e-02 7.752107319078947734e-02 6.932308799342104533e-02 5.072447311046511531e-02 5.574806787634408595e-02 5.664062500000000000e-02 6.166115785256410381e-02
