-1.375762185441686540e+02 -1.391591992871514663e+02 -1.264507826602820018e+02 -2.766827527000791633e+02 -2.077343361264184693e+02 -9.866005852316561686e+01 -1.889070462313565315e+02 -1.259272192264425598e+02 -1.452398849487304631e+02 -1.881313327050979183e+02 -1.417780278342110876e+02 -1.416295413374900818e+02 -9.654287443237922162e+01 -1.021698217786048701e+02 -1.578730500873766118e+02 -1.565251955637117760e+02
9.499326697816236731e+01 2.796308474705131175e+01 5.552484908248435858e+01 1.581226149059476711e+02 1.238652766636439111e+02 6.974021036248458927e+01 5.446998206051887337e-01 8.652786807356210375e+01 8.644787025451648788e+00 1.115013014270412555e+02 3.871496816362647309e+01 4.842437472939487009e+01 5.951984423975788019e+01 7.874716870646832945e+01 2.073828192761065026e+01 1.044046096801757102e+02
-1.212064808945288341e+01 3.640676305211820107e+01 2.439673226891139990e+01 -2.400655099323804720e+00 2.829105729432342287e+00 -2.652828806952417295e+00 3.435031162608754585e+01 -6.704019366410260972e+00 3.765646595954896014e+01 -1.247578627736345247e+01 3.540907179287498252e+01 3.022301893040999587e+01 2.703632718132390700e+00 -5.100901694583489743e+00 3.803317074399243580e+01 -2.008590492315399700e+01
1.741909068949679096e+01 3.015784449001838396e+01 2.264504549178210269e+01 1.749222808934393925e+01 2.550185932233220143e+01 1.501911927210656472e+01 1.099522347883744366e+01 1.843080770584015937e+01 2.783649050394693703e+01 2.981036702279124384e+01 2.618821404107978168e+01 2.239254197338596342e+01 1.500785299270382822e+01 1.393111502089778142e+01 2.547764145073137954e+01 2.662201786622771493e+01
-2.477592195813539622e+00 -3.380876874101574003e+00 -5.773959483161117845e+00 7.158123396691821405e+00 1.242855027743746454e+00 -5.344930764875916118e+00 -3.461123206398703189e+00 -4.855858832083900900e+00 -1.051063823898633487e+01 7.117077628931673949e-01 -6.391316492216930101e+00 -3.072030847426505229e+00 -6.569802385664756272e+00 -6.449140124577137811e+00 -2.672111756707493235e+00 1.967754919717949136e+00
1.011855468386454149e+01 1.871022339524893141e+01 1.502655766588269159e+01 2.428855055854416634e+00 1.346774029845283316e+01 8.507990370298687210e+00 1.413641871105540915e+01 9.706612425631492513e+00 1.784219492276509555e+01 8.552052014297034432e+00 1.550055483239037457e+01 1.560935997962951660e+01 8.795801359799602537e+00 8.275320428954660912e+00 1.816893933948717788e+01 8.031464833857061336e+00
-3.568045187292359532e+00 1.716510203891790542e+00 -1.051836378195069699e+00 -6.140302940493529427e+00 2.059742051930664619e+00 -6.749074725885130022e+00 -1.066156246445396194e+00 -4.972011732130203754e+00 3.546314803759256673e+00 -2.010430416512866802e+00 1.819973816190456173e+00 1.752049954608084104e+00 -3.389040618173535968e+00 -6.631436619876819094e+00 2.879256784915926293e+00 -4.310533407076090562e+00
1.647271340197705491e+00 -1.877701111394783462e+00 -2.258723477974082350e+00 -9.690500228177931774e-01 4.876634974139077094e+00 -1.757895852076379661e+00 -7.041784866289659384e+00 -7.749248683966436513e-01 1.911771758397420529e+00 5.683414608480474861e+00 -9.880431669098987957e-01 -1.209622511174529569e+00 -2.505520348587343626e+00 -3.175024307833230086e+00 -1.260638887552838261e+00 1.185207864678487821e+00
-4.900287418183710386e+00 1.320849514213095155e+00 -6.889081308336040266e-01 -5.169235494874771852e+00 -1.238833550796618077e+01 -4.240136461195199047e+00 -2.439423647793857342e+00 -5.957708849796448547e+00 1.084915741284687485e+00 -1.947876139754245273e+01 1.111879926919933759e+00 1.045784855028609073e+00 -6.406012855229840319e+00 -6.756331616196750822e+00 -1.528993602646025352e+00 -1.157764879495992005e+01
3.680798123068846461e+00 7.427714045705477997e-01 1.515566105192361235e+00 -7.287974009911223350e-01 -3.611219058150330952e+00 -3.415195402973573380e+00 2.280188473788174353e+00 3.367033243179326174e+00 2.319907585779825254e+00 -3.620176828676652914e+00 -1.254842568295337024e+00 1.091144989244642538e+00 -1.538604725753105473e+00 -2.561511991930396803e+00 -6.038067121254776515e-01 1.725792073803709359e+00
1.290701282151194285e+00 -4.257282314886305485e+00 -4.730019587458986763e-01 -7.253956056776509342e+00 -1.944832403177308322e+00 -7.181491105807462638e+00 -2.766534512693231918e+00 -1.592478439725678818e+00 -4.184606369336447251e+00 6.477337385858166208e-01 -7.649363708176792009e+00 -3.053387850057332820e+00 -3.553746424375041180e+00 -6.929288078438159637e+00 -5.175149585071361358e+00 1.201637754807374669e+00
-2.364620498203217736e+00 1.916067973806938385e+00 3.350327704440460685e+00 -4.750334020171849581e+00 -2.862267011120210647e+00 -3.179721433551688570e+00 5.152335990558970735e+00 -1.413334591892258407e+00 2.313593117396035126e+00 -1.865571464261698065e+00 1.731005206278391162e+00 2.238101937342430681e+00 -1.317581660324527393e+00 -2.714684847834682113e+00 -2.724404519325813734e-01 -3.831407461224539901e+00
-8.123056479591037604e-01 -4.927728411452521939e+00 -2.642273058945483033e+00 1.907239119744017941e+00 -2.042035805895215272e+00 -1.371382014374984415e+00 -3.308219617063349105e+00 -5.366231296853771759e-01 -1.807018470764160556e+00 -2.517776720946841351e+00 -2.237052692685808974e+00 -2.318921669386327711e+00 -1.941067660527844962e+00 -7.325088012316991470e-01 -6.034582952135487233e+00 -2.132910024465584975e+00
2.043287361593312880e+03 4.162019685729037519e+03 3.198467657053717630e+03 1.045598816707526112e+03 1.446953344528258413e+03 2.696243486659624068e+03 5.375231323847680869e+03 2.245447807616431419e+03 4.829815119093869725e+03 1.684181775117187044e+03 3.799813458591099334e+03 3.494613427763074924e+03 2.942145279306419070e+03 2.469066191230033837e+03 4.517299740158867280e+03 1.868595449053869743e+03
8.131094858156023841e-02 2.380455280172413257e-01 1.605261600378787568e-01 4.457310267857139685e-02 4.811662946428565957e-02 1.148848684210526244e-01 3.461026278409090606e-01 8.739392510775856326e-02 3.309244791666666186e-01 6.026729460685478768e-02 2.001395089285713524e-01 1.764831542968749445e-01 1.402706023185483764e-01 1.019983212809917050e-01 2.603695518092104533e-01 7.529951886432921515e-02
