-3.043053042763158373e+02 -2.141668395996093466e+02 -2.346211979306977184e+02 -2.006762215750558198e+02 -2.234457879159964477e+02 -2.653894395828247070e+02 -1.960691351457075484e+02 -2.100534366183810278e+02 -2.759715299444683296e+02 -3.334748586018880587e+02 -2.470845526870415938e+02 -2.180643259684244697e+02 -2.243213733873869273e+02 -2.933319593917491943e+02 -2.053330361502510755e+02 -2.345796214916087479e+02
1.750357724239950983e+02 1.082899526708266222e+02 1.327037884942416497e+02 7.703019823346818384e+01 1.185923852359547226e+02 1.477804873784383233e+02 8.942648974331942213e+01 1.110319181654188156e+02 1.617269126762777773e+02 1.801337437099880390e+02 1.362531901768275588e+02 6.662199910481770360e+01 9.856086650647614533e+01 1.689017355275707928e+02 1.032764941624232620e+02 1.247951007419162295e+02
-2.431098659728704803e+01 3.328442222932181949e-02 -9.991533238312296561e+00 1.256627845764160512e+01 2.981712712961090972e-01 -1.421678914750614808e+01 8.981004357337958766e+00 7.908302095201307225e-01 -2.969353195368232079e+01 -8.217521160840989936e+00 -7.573431187138261578e+00 1.873777167002359789e+01 3.232419785700347603e+00 -2.865534474960591282e+01 2.235033884644513691e+00 -2.089536419621216723e+00
3.581373594936573568e+01 1.193606008326305457e+01 2.311550053029225182e+01 1.378093777384076901e+01 1.599540810024036475e+01 2.897181500991184677e+01 1.188130548867311731e+01 1.483220195107989170e+01 3.082544539338450562e+01 3.625486310323078953e+01 2.165023355094754010e+01 1.417110061645507812e+01 9.675852036789839516e+00 3.102919326826583557e+01 1.060004009732177543e+01 2.003267507199887731e+01
7.755011336191701687e+00 5.005730134599349235e+00 2.706545836966616214e+00 -5.030571562903274341e-01 5.481698199230083723e+00 3.966906854261952553e+00 1.572984186086046066e-02 2.098789487282433530e+00 2.704876269829473934e+00 1.021400923364691948e+01 3.996524271916368498e+00 1.198382377624511719e-01 3.491718612219157691e+00 5.489868758896063738e+00 3.063364505767824042e+00 4.390197449950159481e+00
1.800683746212407144e+01 1.093834737293860471e+01 1.456713837179644244e+01 1.138452659334455142e+01 1.178195374619726898e+01 1.640264387552936753e+01 1.370441447604786056e+01 1.110413800875345558e+01 1.813156386149131549e+01 2.008548940552605444e+01 1.397711023505853056e+01 1.710241635640462121e+01 1.174968210019563308e+01 1.829472007169279735e+01 1.034090448277337160e+01 1.356594730361744183e+01
4.022580196982921130e-01 6.614772673915412682e+00 2.086121259064510625e+00 3.265061276299613180e+00 6.089972829117495046e+00 4.829330034554004669e+00 -5.434478621591222414e+00 1.824454712867737527e+00 9.504420509782887105e-01 3.736628986067242586e+00 5.663121266024453426e+00 -1.495890808105468750e+01 1.907985251200827292e+00 6.916785461958059322e-01 4.846464531762260108e+00 4.416493605684351564e+00
6.970242595202043923e+00 7.126493257634779255e+00 6.611067146062850952e+00 1.611066927228655032e+01 4.115472841496560008e+00 7.565478119921558608e+00 1.292872553521936396e+01 5.903340986702175996e+00 4.952300026255137766e+00 6.561145635114775665e+00 5.177836808623099252e+00 1.474772516886392992e+01 9.612954873787728616e+00 5.971707647623016868e+00 7.000431980405534382e+00 5.938043254393118531e+00
1.025788888335211535e+00 -5.265130733742433122e+00 -6.702244396867422793e+00 -6.783278363091604035e+00 -7.262635439049963892e+00 -3.080696760987241767e+00 -9.381089936603199675e+00 -6.468157118558883312e+00 -1.800186013771315263e+00 3.025193355149693009e+00 -5.775732239290158887e+00 -1.161871941884358606e+01 -6.877841005199833546e+00 -1.116052048497424121e+00 -6.967225811311176464e+00 -7.346594414225330993e+00
-4.682472979551862480e+00 5.090706453603857540e+00 1.203611571213292208e+00 6.604656219482422763e+00 4.233595283592452851e+00 2.252150305236378713e+00 3.491726896979591821e+00 2.353849422600533980e+00 -2.961165885804057041e+00 -5.144387220342951039e+00 3.593000797592863282e+00 1.988925814628601074e+00 8.275450066516272685e+00 -3.161043350086649273e+00 4.769440650939939630e+00 2.063588104314276084e+00
-5.208070493842424042e+00 -1.037529814944547724e+01 -7.908252584523166817e+00 -9.406999809401375146e+00 -1.045599361845091124e+01 -7.429549181212979470e+00 -7.892565962943162816e+00 -1.046049469974305701e+01 -9.111720494294569761e+00 -2.590265903207988885e+00 -1.003176205498831486e+01 -7.492199182510375977e+00 -7.567144431565937523e+00 -7.458078049946315069e+00 -9.311466155307632775e+00 -8.376495877901710685e+00
5.469696081782641883e+00 1.733158015152987286e+00 5.325037407463994121e+00 2.848425575665065157e+00 3.143126214251799055e+00 5.762562179317075817e+00 2.054114504293961918e+00 2.912134932147131927e+00 8.003587554571982565e+00 5.300479683611127868e+00 3.522938331779168486e+00 4.342023670673370361e+00 4.676231762296275463e+00 7.291802488787217484e+00 3.887760081461497652e+00 5.462246795219403595e+00
4.865830897500649233e-01 1.622706409762888047e+00 2.158309048619764248e+00 4.887689777782988632e-01 2.102457630868052263e+00 1.354919307554762531e+00 -2.787673925811593456e+00 3.116562015480466297e+00 2.119525366920536502e+00 -6.735591424835973839e-02 4.559349276581589727e+00 -7.484658559163408498e-01 4.032618077177751559e+00 1.335525996116705416e+00 3.054976780499731426e+00 2.413456166783969348e+00
9.264462830423383366e+02 2.113311957450174759e+03 1.558856929911843963e+03 2.945967075861528429e+03 1.812003159417321740e+03 1.281549415404432239e+03 2.602260564579295078e+03 1.973833505252222949e+03 1.161681389846884485e+03 7.421135818890334122e+02 1.441146200940618655e+03 3.287732982736918984e+03 2.380899301361992457e+03 1.052725360144641627e+03 2.239668872443674445e+03 1.667206819235593912e+03
5.720600328947371416e-02 1.031422334558823872e-01 7.930360991379310776e-02 1.337890625000000000e-01 8.813955269607842702e-02 7.084147135416667129e-02 1.338556463068182045e-01 9.190538194444444753e-02 7.879535222457627330e-02 3.713650173611114658e-02 7.294323979591836593e-02 1.884765625000000000e-01 1.270816200657894912e-01 7.110737645348838565e-02 1.020682198660714385e-01 7.721173321759258745e-02
