-1.393237559669896370e+02 -5.874642182130082091e+01 -7.997247283799306672e+01 -5.467780811278549180e+01 -1.008501915027355693e+02 -6.298836648374798841e+01 -8.078950647207406632e+01 -1.816688165283203489e+02 -7.773486645139499274e+01 -1.732624296188354833e+02 -1.123935076816023297e+02 -6.742441164652504426e+01 -7.451672066638343495e+01 -9.119648626560473303e+01 -1.240483491736722783e+02 -6.278472092706864771e+01
1.109588125128494767e+02 5.348493176973785523e+01 7.898870417049951698e+01 5.888439284778033311e+01 9.446537838639885365e+01 6.929297199249268147e+01 3.504276481041540592e+01 1.236462582397460750e+02 8.495027649978111128e+01 1.146680818557739343e+02 9.875363323117093728e+01 4.733654039171008776e+01 7.448870259335164690e+01 9.018930234253859624e+01 1.032938416262707193e+02 6.458296600759847195e+01
2.106592062272524046e+00 1.075587250819572738e+01 1.099702988086001865e+00 5.683233828818208266e+00 -3.366160977297800283e+00 3.767528356909750631e+00 1.874026572245817590e+01 1.069025271415709710e+01 -2.655723365010883352e+00 8.543487019091841717e+00 -1.387429656568648362e+00 1.313345436917410147e+01 1.782097125837678098e+00 -1.747621114699905220e+00 2.575923084494578852e+00 6.656768728404824031e+00
2.272228208341096689e+01 1.987374089406086952e+01 1.923460259501423408e+01 1.787211572146806660e+01 1.833208276197828468e+01 1.888267161697149632e+01 2.422733592987060547e+01 3.221025009155273011e+01 1.740815471451858087e+01 3.058256402015685893e+01 1.903272760320793822e+01 1.938466282420688458e+01 1.886959344587828014e+01 1.931760977242739230e+01 2.066661555652159166e+01 1.819155545430641041e+01
2.580861842632293701e+01 1.317331332335105287e+01 2.365330461093357783e+01 1.541904197755407147e+01 2.562290391264290790e+01 1.852248121261596481e+01 1.648031070599189007e+01 2.653178009033203111e+01 2.227460674746283331e+01 2.251755017042160034e+01 2.678331909297911650e+01 1.689297784169514927e+01 1.950096706716637840e+01 2.103893660953026767e+01 2.663737887646778546e+01 1.668674450867796466e+01
1.030275827646255493e+01 9.663845819693344552e+00 9.406277352677923531e+00 1.172070565380033891e+01 9.375080834791573281e+00 1.018728762745857175e+01 1.426451932466947170e+01 9.824786641597746950e+00 1.085167549273062271e+01 9.175313486158847454e+00 1.010744248096607301e+01 1.086543510225084042e+01 1.040840019834668695e+01 8.806475102901456964e+00 1.012466327594705362e+01 9.098888688708004935e+00
-1.275480122315256182e+01 -7.523575054682206442e+00 -1.379107072470443462e+01 -8.369900920351991402e+00 -1.493612398607976921e+01 -1.086498978853224529e+01 -4.631312223581167231e+00 -1.258615492820739767e+01 -1.267666553115022587e+01 -9.052474486827851052e+00 -1.547350540141427899e+01 -6.972009456819950657e+00 -1.133340478696321263e+01 -1.407986470647440314e+01 -1.373560606068875423e+01 -1.027383290251639636e+01
1.140674936771392645e+01 5.586694987920611588e+00 9.341462178421869211e+00 6.355003236258614407e+00 1.210484280586243599e+01 6.692392127364871435e+00 5.193417810476742780e+00 6.559482061862944136e+00 1.042202099561690964e+01 9.898768484592437744e+00 1.240940021138546534e+01 5.459835289584264117e+00 8.223372926837518193e+00 1.017401274606471517e+01 1.096855645510087207e+01 5.261584006351968767e+00
1.216169646107837732e+00 3.691519074256605748e+00 1.654754993505776817e+00 3.436977675337285376e+00 1.563584458622440110e+00 2.462975093424321749e+00 4.869821392572845298e+00 3.410758917331694562e+00 2.122513881942322822e+00 -4.142501652240571097e-02 6.317959703689719486e-01 4.308739474912486322e+00 1.994358547737724585e+00 1.855826846060862678e+00 8.032300992902516867e-01 2.710565088189221594e+00
8.806105604297234990e+00 7.242155379515426539e+00 6.918879877642860166e+00 7.456045895326331774e+00 8.535923814773557439e+00 6.585889446735381014e+00 1.213771401918851289e+01 1.033661712646484254e+01 7.949065233304581035e+00 9.193403232097624667e+00 8.499530206288186562e+00 9.197065745459660491e+00 6.487945148819370011e+00 8.090300578652446006e+00 9.299873456179376774e+00 7.480954422117910951e+00
-4.749690433866098793e+00 -4.510350926105792801e+00 -5.337261370516248604e+00 -3.137620288817610792e+00 -6.229059520672108441e+00 -3.765903406441215573e+00 -6.156232416629791260e+00 -1.847852230072024593e+00 -4.523099749098565603e+00 -1.681325645744800923e+00 -6.631243251818275120e+00 -5.315500268671247142e+00 -4.531210765321003642e+00 -5.133316406766875950e+00 -6.981996794781053950e+00 -4.371113532618299935e+00
-2.317288616770191823e+00 -1.077872149302409488e+00 -3.166799525331173371e+00 -2.945962203330680484e+00 -3.224706312500198901e+00 -2.241590914726258266e+00 -4.990433929058221807e+00 -1.366032869815825945e+00 -2.824389508674884475e+00 -1.568369328975677046e+00 -3.224136392070244383e+00 -2.014874952369265504e+00 -3.195364127033634816e+00 -2.656443432428454265e+00 -3.008748332779091150e+00 -1.303039021687966370e+00
-6.474084116910633346e-01 -2.196698129177090952e-01 1.490842143871984327e-01 -1.203211715475456023e+00 1.636728072680279089e+00 -8.567846132069816267e-01 -2.278473263749709599e+00 -5.699633038043966371e-01 2.069208048540991662e-01 -1.437271857261656294e+00 5.801290495336569597e-01 -1.096250749958884718e+00 -4.874338896651013719e-01 2.622098134446884665e-02 3.062666108809455889e-02 -6.661791074765864851e-01
1.697598477332756829e+03 3.407600127329368206e+03 2.489632637386494935e+03 3.214463489238371039e+03 2.103659802336818757e+03 2.838818194170334209e+03 3.984534112977099994e+03 1.311359544992150177e+03 2.361936585669596298e+03 1.544214727790042616e+03 1.980976394551289559e+03 3.625339567559826719e+03 2.657419215548108241e+03 2.229478616657855582e+03 1.858208088112931591e+03 3.029845839509722737e+03
7.299804687500000000e-02 1.291240985576923017e-01 1.150556291852678492e-01 1.244076588114753912e-01 1.021551724137930994e-01 1.240478515625000194e-01 1.495267427884615363e-01 4.580078125000001943e-02 1.092268318965517321e-01 6.014404296875002637e-02 9.117542613636366033e-02 1.335394965277777735e-01 1.179790296052631443e-01 1.042909112595419990e-01 8.478445030120483616e-02 1.263444456335616473e-01
