-2.400932660102844238e+02 -2.006804351806640625e+02 -3.194247029622396212e+02 -1.737123031616210938e+02 -2.545832458944881864e+02 -2.062951560280539809e+02 -3.902877731323242188e+02 -2.119352316129005374e+02 -2.547932339932056038e+02 -1.650554428100585938e+02 -1.766195761940695945e+02 -2.938854959275987540e+02 -2.270814812069847335e+02 -1.950680400303432123e+02 -2.583994663783481656e+02 -2.303004252115885322e+02
1.875217871665954590e+02 1.654273198445638116e+02 1.844913143581814268e+02 1.455914332071940009e+02 1.942252697664148968e+02 1.836198647238991555e+02 1.647570266723632812e+02 1.740572380453853611e+02 1.997182854185713268e+02 1.327633895874023438e+02 1.634156535755504365e+02 2.032756881713867188e+02 1.832924477713448539e+02 1.733138566698347063e+02 2.028798553466797046e+02 1.922981193653051548e+02
-3.175522678345441818e+01 -4.236624962942940442e+01 1.346887802084300034e+00 -5.222234026590983547e+01 -2.375398490797069684e+01 -4.272169362848453744e+01 3.521430873870849609e+01 -3.862750392849162040e+01 -2.263276665261450660e+01 -5.529919433593750000e+01 -4.959624862670898438e+01 4.772263682552235764e-02 -3.637765542287674236e+01 -4.445963110242569627e+01 -1.652246529715400669e+01 -3.261744938726010901e+01
5.201056677103042603e+01 6.966262118021644767e+01 3.982955731285942846e+01 8.058867772420246922e+01 4.651251655466414547e+01 5.821647255637429197e+01 4.729788494110107422e+01 6.427566592976197057e+01 4.413263671956161716e+01 8.773949050903320312e+01 7.296610710837623515e+01 3.756843948364256391e+01 5.572614912002805454e+01 6.746393980298721260e+01 4.481685741969516812e+01 5.355700191553088274e+01
6.954828474670649463e+00 -9.103662883951557205e+00 1.850718209478589671e+01 -1.631554365158081055e+01 1.100711623798397554e+01 -1.175676506215880046e+00 3.771201801300048828e+01 -3.622874233682282785e+00 1.546702830334926304e+01 -2.640795803070068004e+01 -1.194066771593961462e+01 2.286771448453266586e+01 1.505424199596280044e+00 -6.877893092376853978e+00 1.645331142289296977e+01 8.189397267673321323e+00
6.354905029758810997e+00 1.512311293823378477e+01 8.097241815593507752e+00 2.434677537282308180e+01 6.790050715646323454e+00 9.738481045311147000e+00 1.925437307357788086e+01 1.196141791242664176e+01 7.542681897574282424e+00 3.207249069213867188e+01 1.472384896332567372e+01 9.218980451424917177e+00 7.670695735348595612e+00 1.177120932963277511e+01 9.085572263172695173e+00 7.440534520840299315e+00
9.566306356340646744e+00 7.428768014624007598e+00 1.776804251141018653e+01 -1.798371473948160215e+00 1.193747420170728191e+01 6.037746545401487808e+00 2.300310134887695312e+01 6.911765199596601406e+00 1.263755431073777480e+01 1.362493133544921875e+01 1.535942519252952998e+00 1.422196198172039772e+01 8.887409257037301558e+00 5.839435613581114737e+00 1.369804388454982558e+01 1.052036269980928473e+01
-5.615588820539416659e+00 -4.159194521251179388e+00 -3.049291763040754333e+00 -2.952476074298222564e+00 -4.585089552490151377e+00 -5.301225913654676880e+00 1.214374017715454102e+01 -4.750073890312245695e+00 -2.536719478191214350e+00 -4.294800519943237305e+00 -2.435712960633365398e+00 5.725065006150118485e-01 -4.979219967883733666e+00 -3.780358806252481774e+00 -2.213519615786416317e+00 -2.993889083896859482e+00
-8.597373692318801552e-01 -1.866802971987497006e+00 2.000619898239771821e+00 2.769686947266260635e+00 6.736676434383683798e-01 -2.169668781757352782e+00 9.175544261932373047e+00 -2.349901403663520405e+00 -2.379125927356995351e-02 1.801122760772705078e+01 -3.907400631769136989e+00 2.459519581662285681e+00 -1.875565687342293675e+00 -3.218591894422257127e+00 2.582037413120271019e+00 1.960636014523720050e-01
-6.126908282749354839e+00 -7.571378728108745904e+00 3.136942022376594252e-01 -6.197454253832499482e+00 -4.079166332369337233e+00 -7.784187620607287528e+00 9.055149793624877930e+00 -8.639222480482970923e+00 -2.168185244849383686e+00 -7.475643634796142578e+00 -5.003645276481455184e+00 9.757461136000067370e-01 -7.052309405472540149e+00 -9.045878296984090738e+00 -7.423543521336100071e-01 -4.572600985782732330e+00
-6.940263535128907257e+00 -5.488492839393160239e+00 -6.914357278082105651e+00 -4.112793942292531035e+00 -5.921606997794966354e+00 -5.896930684826591218e+00 4.350883662700653076e+00 -6.235008066993647624e+00 -3.323516332088631842e+00 -1.025357580184936523e+01 -6.401052914559840268e+00 -2.488443579110834136e+00 -5.165303191968375174e+00 -4.231121268655571477e+00 -2.984176342827932871e+00 -5.259549048067867716e+00
-5.037513319868592632e+00 -3.953636994496698254e+00 1.724280118942260742e-01 -7.556698560714721680e+00 -2.952487819335041230e+00 -5.261508458310905745e+00 8.791302800178527832e+00 -4.270571948108027982e+00 -3.923498234850296029e+00 5.833688735961914062e+00 -6.365580626509407480e+00 -8.807412369383702533e-01 -5.788791389219342776e+00 -2.206552338919470113e+00 -1.592382483822958772e+00 -3.897731677021670116e+00
1.749638135544955064e+00 2.318697725023541878e+00 -3.608535329500835331e+00 2.483257472515105757e+00 1.010298378327310065e-01 2.081280721317637639e+00 3.898073852062225342e+00 3.028502065877793026e+00 2.439067351057166988e-01 -1.603778934478759766e+01 2.352732535112980194e-01 -1.447092418869337260e+00 2.058447928419188777e+00 3.297213390469551086e+00 -4.907350097383778031e-01 3.017159399778946316e+00
8.669650905983701250e+02 1.238031113979865950e+03 6.225278148598778216e+02 1.656901205074505469e+03 7.440206344916435910e+02 1.004418818860749525e+03 3.055348992077001640e+02 1.074019474992183405e+03 6.717786792261050550e+02 2.116225745501129495e+03 1.370230257440299965e+03 4.899247733710415673e+02 9.434451407734937902e+02 1.150894075552625281e+03 5.928809372787111442e+02 8.055316745287268532e+02
3.821563720703124306e-02 6.359281994047617792e-02 2.571614583333333218e-02 6.998697916666665741e-02 3.341854319852941707e-02 4.732776988636363397e-02 1.062011718750000000e-02 5.188195180084746033e-02 2.609707446808510328e-02 1.083984375000000000e-01 7.104492187500000000e-02 1.878526475694443365e-02 4.251922123015872829e-02 5.766078404017856152e-02 2.166573660714285476e-02 3.468919836956522312e-02
