-1.849340473521839101e+02 -2.141467811321389831e+02 -1.735157450040181004e+02 -2.015979443174419714e+02 -1.875407215648928627e+02 -1.869971800667898947e+02 -1.936189691248073927e+02 -2.358964752197265682e+02 -2.271709565662202408e+02 -1.722956371307373047e+02 -1.851169986561831990e+02 -1.837178907086772028e+02 -2.274941283581303253e+02 -1.886197407795832248e+02 -1.838526278409090935e+02 -1.973591335766935799e+02
6.946590366836423414e+01 9.873450803208622517e+01 4.876332418123880075e+01 9.198912308432835516e+01 7.863142892698579089e+01 5.936947860717774006e+01 8.135154952465650524e+01 1.430679412841797102e+02 1.182073945545015050e+02 4.567831961313885358e+01 7.355581427028037922e+01 5.380124252073224511e+01 1.034686521642348254e+02 6.353720019413873388e+01 4.296778661554510848e+01 8.680799374515062539e+01
-1.616465796370132768e+00 3.280882474677310867e+00 9.262257389103371708e+00 -3.283744106520725570e+00 -2.466876000955394499e+00 1.171990796625615339e+01 -2.048939677821061345e+00 -1.811188459396362749e+00 -6.032611415499742336e-01 1.703518397609392565e+01 -3.565654059251120334e+00 9.270745848455737459e+00 2.797756400762821727e+00 5.405534541664209769e+00 2.022857657345858229e+01 -4.851723507250813583e+00
3.391558488636962210e+01 3.677182155916060680e+01 3.703297611077626783e+01 3.740613775542287556e+01 3.604167845391279457e+01 3.332987685884748430e+01 3.597177646613456403e+01 3.620385589599609233e+01 3.780728058587936857e+01 3.591741935412088793e+01 3.636987952696971149e+01 3.463743731283372540e+01 3.989572726978974515e+01 3.564014051052239296e+01 3.233097717978737506e+01 3.688193487794431036e+01
-3.618152521612234551e+00 1.283064991578285019e+00 -3.158787559097013364e+00 1.263868722951757562e-01 -1.824002223743116158e+00 -1.565098219684195602e-01 -1.388005929513719483e+00 1.116341668367385465e+00 1.503762966110589572e+00 -1.875282416741052893e+00 -1.481571065309720936e+00 -2.913642617483294117e+00 -1.349658551753737834e+00 -8.772919294066167106e-01 -2.136203907430171967e+00 -3.043252429733535047e-01
7.496283971573693528e+00 7.410657924139633757e+00 6.939605702335634341e+00 7.687367954488953714e+00 6.627443892276835058e+00 9.482154469830648580e+00 7.451219747918586656e+00 8.353779923915862327e+00 3.903648436069488081e+00 6.026826771597067811e+00 6.984823239410020257e+00 9.349401635508378661e+00 8.534221725027057559e+00 8.409388364221040746e+00 5.097037358717484423e+00 7.382432705837565834e+00
5.602809805761667761e+00 1.066313427241369283e+01 7.691495243459940845e+00 7.347230755921559719e+00 6.024603171705791738e+00 1.075831820794514471e+01 7.083587255696166096e+00 5.669832223653793690e+00 4.627624755813963375e+00 6.292678153763215931e+00 5.113170664311713409e+00 9.790695042379441659e+00 1.125478769400540635e+01 8.297526874078009484e+00 8.815534071488814405e+00 6.717966301392192641e+00
6.757291972637188060e+00 1.006694682576190125e+01 7.875189127400518352e+00 8.997576398605648507e+00 7.989720271912627680e+00 9.526283780166082238e+00 9.247328978189278459e+00 8.833827209472655539e+00 1.038148688134693032e+01 6.787125150362651738e+00 7.213542861561487385e+00 9.852929865160296785e+00 1.439595059787525599e+01 7.725953313020554880e+00 9.692957748066294954e+00 7.886494305444086805e+00
-5.305886774270007322e+00 -4.246069479262691182e+00 -3.800800672421852155e+00 -4.215209063481199614e+00 -5.086117166754427821e+00 -3.077577010222842802e+00 -5.311569898061353712e+00 1.040948212146757257e-01 -9.546306275186076107e-01 -4.298747969170411132e+00 -4.951298913385113742e+00 -2.838681815132017228e+00 -9.492936297958967096e-01 -4.542144406586884564e+00 -1.954884404485875304e+00 -4.508248694547234869e+00
1.142020464830162219e+01 1.124914623677045711e+01 7.671369858086107385e+00 1.216998181108271737e+01 1.182880935408421941e+01 8.907034846288816254e+00 1.196930931319653446e+01 9.878274440765380859e+00 1.142673314185369549e+01 6.739864801367126290e+00 1.172622619632982044e+01 9.028756625229311439e+00 1.472852145223056652e+01 9.626678049994200848e+00 7.149862820451910572e+00 1.326450196786285218e+01
5.481732249259946954e+00 6.391605547789868780e+00 3.515134043991563928e+00 6.064937669670942277e+00 4.751766581409029300e+00 5.287848776578902843e+00 5.247748258038304137e+00 3.548148870468139648e+00 3.907106603894913821e+00 3.493562504649161404e+00 4.546558027084059539e+00 6.242807100857457492e+00 9.478501482337128081e+00 5.582164263352749956e+00 2.660666208375583430e+00 5.959293941316538223e+00
2.710260809453067576e+00 1.037570565253840504e+00 1.308155721053481546e+00 2.240568973349803983e+00 1.439500692072294585e+00 7.531542935541706285e-01 1.841265565597676623e+00 5.625438308715819957e+00 2.455788405656459616e+00 5.244435146451003060e-01 3.567612911646183882e+00 2.128756568076150213e+00 1.105184037311405021e+00 1.785616276642451705e+00 -2.521020732142707388e+00 2.222340283940917871e+00
5.532044652572400134e-02 9.016691555922062840e-01 -1.289315524821480041e+00 7.657538399551859776e-01 -8.332980093576525249e-03 -1.415645854387963976e+00 7.177985941230417000e-01 4.420670270919799805e+00 4.109300355116527470e+00 -1.790004469454288039e+00 9.107569820351076872e-01 -2.021172395636957830e+00 9.443987607955938168e-01 -1.334591733578305517e+00 -3.236544026569886157e+00 5.646805881637422253e-01
2.625228386584443797e+03 1.846166969669719947e+03 3.251431345498459905e+03 2.013998440799841319e+03 2.392857068754794000e+03 2.921109356425558872e+03 2.277273300810565615e+03 1.142793514499702042e+03 1.461968668644198715e+03 3.428377981291866945e+03 2.504122223885117364e+03 3.076012889639258447e+03 1.661420786332799707e+03 2.770812692264526049e+03 3.648261816238087249e+03 2.147633888330883110e+03
1.149518982438016701e-01 6.229234015804600150e-02 1.574198404947916852e-01 7.312381628787881227e-02 9.844849441225167475e-02 1.075753348214286004e-01 9.240550726232396594e-02 3.925781250000000278e-02 4.947916666666668517e-02 1.647949218750000000e-01 1.083358373397436125e-01 1.305601058467742159e-01 5.762676164215688179e-02 1.062997671274038686e-01 1.511008522727272929e-01 8.581375749143838050e-02
