-8.942458492517471313e+01 -9.058107231722937058e+01 -2.069548492431640909e+02 -6.461865531102472460e+01 -1.167067578633626255e+02 -5.448272874125517262e+01 -1.581841983329959476e+02 -1.130780061994280032e+02 -8.352821171802023059e+01 -8.084960746765136719e+01 -4.633247133413953378e+01 -6.797294765244049586e+01 -1.785914527274467218e+02 -6.230352154432559075e+01 -9.866240119934082031e+01 -1.141478471755981587e+02
1.002976212501525737e+02 5.464758385552299558e+01 1.473174341837565464e+02 7.369943933901581090e+01 2.228865901629129098e+01 8.703949360675122193e+01 1.156210742113066914e+02 5.319287436349051035e+01 6.274068301656970448e+01 4.930064964294432883e+01 7.889262776692707746e+01 9.325101443371138998e+01 1.290542961326805482e+02 6.759319387697705395e+01 4.656223316192625816e+01 1.083640236324734047e+02
-1.633435397098462261e+01 1.132499470313389622e+01 -8.907613070805865618e+00 -1.404075864500001636e+01 5.450804074605305516e+01 -1.946253947680255436e+01 -1.178598228896536249e+01 4.120720808846610339e+01 3.673137669977927899e+00 2.500667341550191125e+01 -2.029912558754285712e+01 -1.870451767257897657e+01 -1.243508285706913163e+01 -3.890883739088104143e+00 2.127918968200683381e+01 -9.313072234392166138e+00
2.377085542678832653e+01 3.087230205535888672e+01 3.229946435292561802e+01 2.871208398821561403e+01 8.398150682449344373e+00 2.754793030526264630e+01 3.362119386254287434e+01 -6.019180127552576920e+00 3.271132127098415765e+01 1.100257277488708851e+01 3.038719717661539832e+01 2.602151733493229813e+01 3.427257700224180326e+01 2.811908252332725056e+01 2.260792040824890137e+01 3.037936039103402308e+01
1.448471539343396586e+01 1.172863153616587262e+01 1.454225335915883477e+01 1.111494389824245133e+01 2.497426191965738695e+01 9.423339263502372276e+00 1.187045329954566064e+01 2.843055416856492812e+01 8.008207943128500261e+00 2.145425593852996826e+01 1.012615137894948170e+01 1.488762984936495215e+01 1.254088241828454464e+01 1.236225489541596012e+01 1.063373229503631556e+01 1.489288785391383563e+01
-1.678383725074431787e+00 5.441228840086194118e+00 6.292774616678557642e+00 -3.641395313746253137e+00 9.444466630617778691e+00 -3.245018571974278565e+00 4.554394208803409505e+00 3.727091525282178353e+00 -2.644796438839126296e+00 -7.208984096845006961e-01 -4.725199845631911977e+00 -3.652098621589588312e+00 5.632563278481768521e+00 -3.570457511088424241e+00 8.332973796129225619e+00 3.715745664305156737e+00
-2.266061141466100715e+00 -5.479109022352425251e-01 3.400175917148593463e+00 -2.469461750806025258e+00 -3.340783983469008955e+00 -3.220853787588786599e+00 4.506819710498908726e+00 1.936050925936017464e+00 1.332457760105959288e+00 4.158442199230195868e+00 -9.292567067941027048e+00 -7.098841322473724569e-01 4.227143857124691984e+00 9.680825425129366835e-01 -3.786740946769713290e+00 3.509454878667993327e+00
1.229371609476702432e+00 4.244847827487522096e+00 1.442995688319206771e+00 2.744300376947804931e+00 7.423494756221772128e+00 2.910021139196599549e+00 2.222799363659650140e+00 8.051055567605155616e+00 1.287097748854885815e+00 7.059109260638554595e+00 4.368866261045137200e+00 2.134026472019141085e+00 3.877908991800773197e+00 1.322155295341618464e+00 5.558832752704621072e+00 1.390988856967951826e+00
1.124058436602354716e+00 -1.353623865379226965e+00 1.365656654040031670e-02 -3.293512121814679006e-02 -5.947508335113525391e+00 -4.803070390080871332e-02 -2.505960106122784303e+00 -4.452255657741002182e+00 -2.139028896456179218e+00 -6.476344863573713084e-01 5.228459787368779921e-01 8.063763645758117438e-01 -1.543224856660172228e-01 -1.672169709322498976e+00 -2.746001237630843583e+00 1.265790396266515128e-01
7.294972531497474932e+00 9.527948498725624660e-02 4.158631292978922644e+00 5.041048512834569451e+00 -2.013412555058796904e+00 6.729384414851663720e+00 2.545310985024382244e+00 4.945840920720785405e-01 1.776797482500903413e+00 3.577592005332310698e+00 5.913952568372089047e+00 6.196867047304129628e+00 3.835049457646705129e+00 6.129845009130585609e+00 -1.503697896003722612e+00 1.766683591736685877e+00
-7.613451592624187469e+00 -5.148773286077711120e+00 -2.551224617163342145e+00 -7.490969572054303249e+00 -6.462037126223245664e+00 -7.621140440544450279e+00 -6.120997150496737760e+00 -3.674960119383675394e+00 -3.340600809325343423e+00 -1.035057536760965924e+01 -9.726603467464450148e+00 -8.034781636602907895e+00 -3.897950117652481339e+00 -7.323489228300020137e+00 -5.883012020587921498e+00 -5.857634564240774111e+00
4.058290644238391032e+00 -5.209585494465296396e-01 3.469753195842109061e-01 1.676278499805408329e+00 1.260801951090497752e-01 1.047723678400716008e+00 -5.719426768582038800e-01 1.326158046722412331e+00 8.014135360717775658e-01 -5.310024956862132051e+00 2.591865556240077417e+00 3.491587966972261370e+00 6.777571544453930841e-02 1.842083956681046075e+00 2.112164610624313710e+00 3.582412608795696229e+00
1.145552081366379316e+00 -8.613237738609310634e-01 2.580516040325164795e+00 1.702654442709422566e-01 3.839552402496337891e+00 -1.522965383098787484e+00 -1.483991762486901234e+00 2.646501336778912972e+00 -3.446067416149635187e-01 1.242172042528787879e+00 2.579903727968531957e+00 9.593309106596972224e-01 6.554840762872951032e-01 -3.115123434394017066e-01 1.475210797786712824e+00 3.742062487536005566e+00
2.131054809900515011e+03 3.430147684477826715e+03 1.159973416943735174e+03 2.719079248589946019e+03 5.669488594676520734e+03 2.413020222295765961e+03 1.713191227798589580e+03 4.755077029401470099e+03 3.135403638843366480e+03 4.190577263106728424e+03 2.549585296055397066e+03 2.269361600541104053e+03 1.449783931794213231e+03 2.925475210515705839e+03 3.856735323696879277e+03 1.908748080501459754e+03
1.045837402343750000e-01 1.377224392361111049e-01 3.911132812499992784e-02 1.351796025815217017e-01 3.146972656250000000e-01 1.257883094879518049e-01 6.756145198170726562e-02 2.176339285714285754e-01 1.305197010869565133e-01 1.665039062500000000e-01 1.385091145833333148e-01 1.189406061746988014e-01 5.045133023648643023e-02 1.417834712009803655e-01 1.750488281250000000e-01 7.870822482638886730e-02
