-2.033526709140875255e+02 -2.168698081400856950e+02 -2.432969471324573760e+02 -2.286841622811776631e+02 -2.144447460174560547e+02 -2.231302015824751379e+02 -2.234308617331764992e+02 -2.568424052703074949e+02 -1.796345176050218413e+02 -1.786620163917541504e+02 -2.150957363673618943e+02 -2.002329453178074061e+02 -2.520178146362304688e+02 -2.226708060044508670e+02 -2.141763821556454559e+02 -1.888440814208984477e+02
9.610885933117988600e+01 1.120179717789834939e+02 1.203325389515269848e+02 1.106004957976164604e+02 1.073923292160034180e+02 1.113147211248224409e+02 1.195233615528453441e+02 9.600083003899989365e+01 1.120893506842144518e+02 6.734261856079100994e+01 8.874803107125418933e+01 1.021394511789515462e+02 9.978661600748698390e+01 1.116730078183687596e+02 1.170180377051943879e+02 1.169823028564453153e+02
-4.963604025963024213e+01 -2.735073260762798597e+01 1.019329397244886337e+01 -1.534753314433275406e+01 -3.378890015350448550e+01 -1.912351334691047100e+01 -9.527928959239620355e+00 -1.206142422556876070e+01 -5.368492899102680838e+01 -1.720262708663940288e+01 -5.105160902227673603e+01 -5.279683457941250424e+01 -1.234541037976741862e+01 -2.197007791354106487e+01 -9.756099587395087980e+00 -4.306920288085937898e+01
3.736328169015737899e+01 3.273768049211644637e+01 4.533651317249645274e+01 3.855572220131202954e+01 3.483263062106238550e+01 3.713676698858087377e+01 4.164584142511541387e+01 2.436905753306853484e+01 4.060504434876522595e+01 4.031078987121581747e+01 4.413192469733102286e+01 3.767827043671538689e+01 2.439882647196451870e+01 3.477745118507971966e+01 4.366683133443196851e+01 4.102958375930786161e+01
2.394903080585675781e+01 1.909484462595697707e+01 3.140461124073375387e+01 2.424666883327342859e+01 1.923044215639432153e+01 2.195563650131225586e+01 2.939142166484486296e+01 1.210280760129293576e+01 1.769232216527906587e+01 1.136284401416778600e+01 3.272764980792999978e+01 2.646281105884608209e+01 1.316169565518697659e+01 2.095104918342370226e+01 2.445886185055687179e+01 2.048993613421917104e+01
-1.168532838271214835e+01 -3.617657029806682800e+00 2.548143889687277408e+01 7.960351917478766026e+00 -1.081825626310375554e+01 3.573607540130613103e+00 1.579383727637203627e+01 8.637600695475548207e+00 -2.961537049180368086e+01 2.252570104598998313e+00 -1.154231636864798816e+01 -1.541332166566365736e+01 9.946907326579088604e+00 3.934612285632326234e-01 7.235298710209976392e+00 -2.585748099923134191e+01
-9.423721884305663821e+00 -5.139781849153007620e+00 1.100750598040493600e+01 2.849265226611382040e+00 -8.046708884338540813e+00 3.167485443028494885e-01 8.544490337371822619e+00 -2.646378359733484675e+00 -1.103191164691569881e+01 -1.099206832647323395e+01 -1.189383271336555836e+01 -1.065495642717334235e+01 -2.163319109876951085e+00 -2.963343078127274488e+00 4.133887909707564923e+00 -1.131393922448158662e+01
1.353621094654767809e+01 1.681570718003742471e+01 2.186836086619983988e+01 1.830063770435474524e+01 1.770830319159560773e+01 1.842390541163357653e+01 2.138058809800581628e+01 1.017771944021566632e+01 2.749233140581744550e+01 1.246812419891357493e+01 1.429340769563402347e+01 1.914759791070136075e+01 9.406434095899257386e+00 1.811256794746105570e+01 1.887883068266368980e+01 2.562265373229979915e+01
-2.004022647172983618e+00 6.392244734870853762e+00 1.901276679472489661e+01 1.103863812155193713e+01 4.326996441930529791e+00 9.784013208475975887e+00 1.346714710105549173e+01 8.736708735808347726e+00 1.776550196868884601e+00 -1.082774209976196111e+00 -1.413719407149729435e+00 -6.521648747333674834e-01 9.541575725873311598e+00 9.249733768976650339e+00 1.239123183488845825e+01 3.360357750654220599e+00
3.660015058823136158e-01 4.237884067777376806e+00 1.670459972728382070e+01 1.248079983393351711e+01 2.336681904064286996e+00 7.573009415106341180e+00 1.341686920686201745e+01 7.019936972703687772e+00 -5.830889463929797678e+00 -4.029802560806275302e+00 3.728040065084184729e+00 -1.770460581002017086e+00 9.243700345357261483e+00 7.327860902135189924e+00 1.064173088187263083e+01 -1.764469465613362154e+00
1.890703543638571293e+00 1.679374665244302012e+00 6.206526612693613387e+00 4.437131510840523596e+00 1.387388489312596951e+00 3.447333952513609745e+00 5.918217209252444988e+00 -2.610453273623415615e+00 4.689771085472432155e+00 4.714837169647216442e+00 3.251340230660780595e+00 2.244245494621388559e+00 -7.489537070194862700e-01 2.613674567295954709e+00 4.182194464263462308e+00 3.644352810382844421e+00
8.496401120454834199e+00 1.281504196373384019e+01 1.416220725666392966e+01 1.203430691030290411e+01 1.144313033752971265e+01 1.346144443858753270e+01 1.356885782155123721e+01 9.743833668721027408e+00 1.605495097475536426e+01 -2.664713567495345714e+00 1.522869680609018062e+00 9.965256754902824810e+00 9.772387154897055339e+00 1.259646334728369510e+01 1.360614227113269692e+01 1.257361910104751601e+01
-5.969769847698700449e-01 3.049660661772116033e+00 3.829041676087812984e+00 4.525330056746801333e+00 -8.230737207664384769e-01 2.532434020801024310e+00 2.288968109271743323e+00 -8.893261146851074717e-01 2.126816076747441442e-01 -2.486377978324890048e+00 -8.732262350618839264e+00 5.865776236506475838e-01 -2.928737322489420869e-01 1.833701246059857848e+00 3.099217023168291174e+00 -4.175689816474914551e-01
2.062561545926425879e+03 1.496164990212486146e+03 5.610823324325808699e+02 1.127391668915241780e+03 1.714045542598222710e+03 1.274188501511046979e+03 8.239217587210818010e+02 1.826346096301314674e+03 1.824518724058397538e+03 2.655548433785224461e+03 2.202252464382920152e+03 1.933587788838249253e+03 1.605190563568720336e+03 1.400652424478521425e+03 9.809080281243939226e+02 1.620758219402279337e+03
1.267152443910256054e-01 6.457701725746267662e-02 1.495916193181816289e-02 3.785083912037034981e-02 8.492702907986109107e-02 4.601384943181816012e-02 2.998490767045453032e-02 5.472506009615382694e-02 1.371822033898305593e-01 9.765625000000000000e-02 1.411830357142856984e-01 1.224949048913044208e-01 4.334309895833331899e-02 5.378605769230767469e-02 3.073846726190474637e-02 1.050878906249999856e-01
