-3.520343494415282635e+02 -2.855569370814732224e+02 -2.608970445486214658e+02 -2.968165710449218864e+02 -3.243848684426122304e+02 -3.446531701660156273e+02 -2.225567372639973769e+02 -2.619773037719726290e+02 -2.850630187988281250e+02 -3.166695576088101234e+02 -2.723127305772569002e+02 -3.994541002240096645e+02 -3.691285039845396909e+02 -2.587160797119140625e+02 -2.916559125873404241e+02 -2.887277323404948106e+02
1.770870305841619654e+02 3.501440484183177659e+01 1.203589552365816644e+02 9.962000274658204546e+01 1.738768796984781488e+02 1.872340251464842993e+02 -3.767287731170654297e-02 1.054055204772948855e+02 8.412745412190754735e+01 1.556243154488358300e+02 1.340755327012804230e+02 1.516811559576737523e+02 1.899196543633182444e+02 1.896990108489990234e+01 1.571658081269600018e+02 5.773348363240559422e+01
3.638206874782388667e+01 5.395506450108119623e+01 1.280195131668676112e+01 5.423638725280761719e+01 2.356818865129613982e+01 3.731008447647094073e+01 7.537129211425781250e+01 2.604194160461424090e+01 4.794973246256510180e+01 2.562214971874272962e+01 1.900971170384730868e+01 3.178138533809729438e+01 4.544221023366419132e+01 7.518829727172851562e+01 1.461617872412779207e+01 4.869651412963867188e+01
2.315882799876006715e+01 3.541128867013113535e+01 1.784414523152204168e+01 3.523910026550292685e+01 1.135005792635398691e+01 2.129355534005164685e+01 2.920572662353515625e+01 1.815319409966468811e+01 1.799540837605794152e+01 2.165785069266954821e+01 1.840932896402146923e+01 2.892580542229768881e+01 2.742063496988030380e+01 2.995226669311523438e+01 1.220895298350022529e+00 2.868253453572591027e+01
-4.604833073744709182e+00 -1.876331179482596667e+01 -1.514931553258347385e+00 -1.827253355979919647e+01 -1.251244925332547453e+01 -5.404271294802425629e+00 -2.059980901082356652e+01 3.133087030053147704e+00 2.378322760264079516e+00 -2.527725224401437654e+00 -4.641833175742439366e+00 1.032245121085854578e+01 4.894921308957092876e+00 -1.505597972869872869e+01 -1.142229324663188628e+01 -1.533579794565836352e+01
-1.092970051311632140e+01 2.354171766553606204e+01 -1.013264559782472318e+00 7.808155345916746981e+00 -1.168890371408637741e+01 -1.093384117388723453e+01 2.507931073506673414e+01 -3.737993818521504252e+00 5.549772103627525155e+00 -5.628048152315852981e+00 -1.158781814102142604e+01 -6.522989433977690155e+00 -8.637829997305631835e+00 2.005970096588134766e+01 -4.203300166297971430e+00 2.340883477528890211e+01
-8.966368083249440346e+00 -1.986190686907087155e+01 -1.224686856911732846e+01 -1.657114857435226440e+01 -4.243025517903717514e+00 -7.224949798822404290e+00 -2.491061401367187500e+01 -1.868654499232768984e+01 -1.378939986228942871e+01 -5.782043351262225350e+00 -8.187967678857228648e+00 -3.776769909419513738e+00 -5.527113614800360786e+00 -2.181074142456054688e+01 -3.320622195660230425e+00 -1.790051714579264086e+01
-3.639284571632750431e+00 1.584867085729326330e+00 6.026752463470278265e+00 -9.690652257204055431e+00 7.281698955985541843e+00 -3.918969203889386410e+00 1.339342403411865057e+01 4.455031642913814593e+00 4.078979134559632236e+00 3.581081977808004968e+00 5.624226746578057323e+00 -1.625872786369221279e-01 -2.922412463507088720e+00 1.013813352584838867e+01 1.186354781372445188e+01 5.944531043370565371e+00
-9.344185033982455479e+00 1.259412475994654557e+00 -1.604388105640044770e+01 -1.020204937458039751e+00 -3.614615808397338981e+00 -1.253216829252242448e+01 -7.197004159291591208e-01 -1.043764916539191923e+01 -9.156492074330648379e+00 -1.118256540391959142e+01 -1.721051491442181458e+01 -4.080780730174296878e+00 -1.097460566718871000e+01 -3.742097854614257812e+00 -1.146886157317900334e+01 -2.699247598648053525e-01
-6.110915466550403963e+00 -1.101212801252092532e+01 7.058006125000797937e+00 -3.765141284465789884e+00 1.124554336071005523e+00 -8.832079594612128659e+00 1.669137676556904815e+00 5.259686845540992195e+00 5.313960711161298534e-01 -2.089364884384707466e+00 2.635300347256274378e+00 -5.179573828452510575e+00 -1.288118129163851044e+01 3.710076510906219482e+00 -2.329723196969935017e-01 -1.208211326599121094e+01
-1.066627712988041310e+01 -9.311394282749720475e+00 -1.148182091346153832e+01 -1.524964332580566406e+01 -5.137873531287942441e+00 -9.503853304028513804e+00 -7.992435216903686523e+00 -1.321727381706238091e+01 -9.937661170959472656e+00 -9.155714880017672641e+00 -1.243793361432968858e+01 -6.651177215471607340e+00 -1.143525195700207142e+01 -9.466691493988037109e+00 -1.230508108458049321e+01 -9.826264381408691406e+00
-5.387743916701183799e+00 -2.454295984336307690e+00 -9.887327428047470335e+00 -4.263428926467893731e-01 -2.408287568980411741e+00 -3.397233734846116349e+00 -8.944014708201091679e+00 -1.052222065627574565e+01 -6.442383329073587461e+00 -5.760950253290229028e-01 -2.907831701967449778e+00 -2.808222837092582136e+00 -7.106404716078242423e+00 -8.669769763946533203e+00 1.285822414596322183e+00 -1.314563751220694243e-01
-9.804303375157438438e+00 2.578303596803122488e+00 -9.985693887449226480e+00 -4.095198357105253706e+00 -1.446294164337569477e+01 -1.266275541758540157e+01 -3.883309006690979004e+00 -1.066591006755828808e+01 -3.818929314613342285e+00 -1.099866208025053460e+01 -1.094637820928815408e+01 -5.111225018637232331e+00 -1.136352003199138316e+01 -9.056812524795532227e-01 -1.149819507649246830e+01 -3.157354195912684958e-01
6.894684894803999669e+02 3.987380005373833228e+03 1.342692137137579266e+03 1.942810747449103474e+03 7.881382981523091757e+02 6.079972170896817261e+02 5.371806644528107427e+03 1.593605703288326822e+03 2.523393679081208120e+03 9.062841883773844529e+02 1.154360961383764788e+03 7.601546626212301589e+02 5.295069475727591453e+02 4.816433817808858294e+03 1.017384191313675387e+03 3.327481846875279189e+03
3.434892134232955807e-02 2.087751116071428492e-01 4.160719651442309347e-02 6.040039062500000139e-02 4.359794463087247191e-02 3.054492187499999525e-02 3.694661458333333703e-01 5.375000000000001998e-02 7.845052083333334259e-02 3.044098498774511913e-02 3.372240823412698402e-02 2.566903097587720090e-02 2.655055050105482525e-02 2.678222656250000000e-01 4.052734375000001388e-02 1.450195312500000000e-01
