-1.160564219474792509e+02 -1.301233512878418708e+02 -9.829366438090801239e+01 -1.173079999287923130e+02 -1.030285135904947964e+02 -1.304816070556640568e+02 -1.014370270495144837e+02 -1.577792956034342353e+02 -1.057610452544521280e+02 -7.829140602808737981e+01 -9.910092270188033581e+01 -1.109113481961763767e+02 -1.206431350708007812e+02 -8.702947100003559910e+01 -1.331264305114746662e+02 -1.197709817814104554e+02
4.349805164337160335e+01 8.417032775878907103e+01 6.438491217295329250e+01 -4.646189690877974954e+00 2.779979785283407523e+01 1.050663555690220505e+02 5.104139698676345915e+01 -1.755281241734822117e+01 8.208505936743509324e+01 7.131788740891676071e+01 6.137570053339006648e+01 1.638894278269549432e+01 1.230503056844075616e+02 3.780342229207357718e+01 9.059700376596025251e+01 7.033201379487009319e+01
4.741853647232056801e+01 1.957980733939579920e+01 3.021037696550289553e+01 6.227358659108479344e+01 5.902117315928141039e+01 2.854937583378382726e+01 3.954803124913630086e+01 7.560322825113931344e+01 1.405048967079379096e+01 1.868974626133077521e+01 3.435135009512305260e+01 6.381217531057504289e+01 3.110855166117350379e+01 4.722949568430582445e+01 1.928924937924342231e+01 1.944382888891480832e+01
3.366757664680480389e+01 2.722601633753095030e+01 3.689925520618757560e+01 2.452519265810648719e+01 2.310134267807006481e+01 2.506443778957639168e+01 3.560388734205714911e+01 1.806265338261922437e+01 2.956146909569350356e+01 3.184552665765468404e+01 3.216578010097146745e+01 2.319806568439189931e+01 3.009787487983703613e+01 3.235724751154581469e+01 2.911934852288730013e+01 3.411305595347376141e+01
6.751248620450499338e+00 4.087235008393015789e+00 2.951341103762387341e+00 1.128165156145890791e+01 9.030082742373149784e+00 -3.036270734242028979e+00 5.956317518117295151e+00 2.577644634246826172e+01 1.488597905132132304e+00 1.887440859354459377e+00 2.483414497692139733e+00 7.412705069264543312e+00 -1.523920555909476171e+00 3.506519898772238797e+00 3.971350141425630031e+00 2.793536345163980084e+00
2.806857885718346779e+01 1.880162841251918238e+01 2.107315506537755212e+01 2.117790730794270715e+01 2.747545019785563269e+01 1.831971077237810519e+01 2.641909093002103859e+01 2.259985510508219519e+01 1.942621934246009374e+01 1.965618936832134622e+01 2.175185972731560469e+01 2.119175151678232183e+01 1.878091607491175452e+01 2.445728896061579505e+01 1.888600113498630861e+01 1.943122511921507112e+01
-1.987772698700427609e+00 -3.756248444318756596e-01 -3.302107953156023790e-01 -3.061236741642157089e+00 7.182160516579977338e-02 1.154649138450623669e+00 -8.968463416369454322e-01 7.887298425038657967e+00 3.199215153573275461e-01 -1.554240740262544440e+00 -9.201414035633197486e-01 -4.200535957629863759e+00 -2.214030871788659649e+00 -5.333999494711556544e+00 2.218458019530594072e+00 1.703249813480812280e+00
1.051741030812263666e+01 9.340284866946083397e+00 8.700070284307003021e+00 1.130920116106669049e+01 1.104850199818611145e+01 7.785945943423680404e+00 1.135850737004910371e+01 1.462746636072794715e+01 7.900349494437097775e+00 7.925199854373933483e+00 1.064553823042661485e+01 1.177182758312958910e+01 9.275524387756982847e+00 1.079406493902206421e+01 9.951854541230559903e+00 9.172559063542973234e+00
-1.361217499524354224e+00 2.241641936131888890e+00 -3.092098698640861620e+00 3.437432279189425621e+00 -3.757127374410628162e-01 -2.415018102100916053e+00 5.995615956918254330e-01 6.011277486880620025e+00 1.617267829641492460e-01 -1.291697176603169739e+00 4.185677298810337454e-01 2.548563296978292869e-01 -1.283565345530708335e+00 4.628447691599527070e-02 2.784825349031992303e+00 8.879837172501019449e-01
1.108211137391626799e+01 1.274249740285532795e+01 9.654755643879374460e+00 2.192842618624369422e+01 1.161534865697224994e+01 8.999644146646774701e+00 1.220409802220902229e+01 1.469238853454589844e+01 1.182350134010046183e+01 1.164803063594377797e+01 1.256836192682385445e+01 1.470710030198097051e+01 5.265471105774245153e+00 1.555695494016011438e+01 1.279146433721727405e+01 1.425567612413204266e+01
-1.084067374467847067e+00 4.534553532408815535e+00 3.884885845084959932e-01 7.256718004743257566e+00 -2.623873094717661836e+00 4.587884083815983338e+00 7.366229492538340917e-01 7.340344935655591652e-01 3.109057621636859725e+00 1.857716368253413464e+00 2.299109240528195208e+00 2.503477536714993512e+00 1.481082359949748017e+00 -2.357743740081787109e+00 5.157717371164862286e+00 5.092132292913669644e+00
1.369591920524835693e+01 9.074511069059369106e+00 1.022626847835878827e+01 2.058016737302144605e+01 1.202535341183344464e+01 1.230433062996183224e+01 1.021539344877567146e+01 1.518140570322672644e+01 9.494338313458671408e+00 9.402420645493730689e+00 1.129804107453674256e+01 1.518321799314939113e+01 5.782711192965511060e+00 1.235787959893544574e+01 8.689598964888659793e+00 9.409125806707326234e+00
5.070208886265755055e+00 1.102479809522628251e+01 6.386218831253551720e+00 1.449951310952504713e+01 9.213532636562982603e+00 8.108516335487367499e+00 4.759187651130389440e+00 8.642000834147134825e+00 9.496469935061222500e+00 7.575195016769263212e+00 5.334033307386562228e+00 8.407923918503980687e+00 2.877351621786755409e+00 5.422103290756544069e+00 1.052974845491238298e+01 9.437301140843011638e+00
3.328085313263781245e+03 1.977951125109120539e+03 2.601580509271854680e+03 5.278493026111288600e+03 4.290304232101803791e+03 1.595713442921569595e+03 3.018067426966084895e+03 5.968060215594608962e+03 2.124972115641348864e+03 2.458107145532136201e+03 2.756965594164242702e+03 4.722863159924128013e+03 1.286457305512371022e+03 3.695433027145325468e+03 1.785222248408586893e+03 2.284099021290812743e+03
1.039428710937500139e-01 5.905412946428570398e-02 7.628377278645832871e-02 2.076009114583333148e-01 1.413574218750000278e-01 4.902343750000001665e-02 8.766951650943397012e-02 1.992187500000000000e-01 6.778169014084509114e-02 8.417217548076923184e-02 8.429718017578125000e-02 1.756310096153846367e-01 4.451497395833334259e-02 1.471354166666666852e-01 5.199102145522385005e-02 6.322502367424243097e-02
