-1.904838049146864307e+02 -1.097969261452004162e+02 -7.121259943644206203e+01 -1.425886596679687557e+02 -2.204995461740802227e+02 -1.015484789680032236e+02 -1.248817794106223857e+02 -1.914933054002665358e+02 -2.227247223854065510e+02 -1.250362697867460611e+02 -1.894531893412272154e+02 -1.178197922339806496e+02 -2.266037804945460721e+02 -2.111495020360123362e+02 -8.079554341634117520e+01 -9.109867286682131748e+01
1.428787568410237725e+02 1.012446096914785585e+02 6.942274644639756787e+01 1.287516250610351562e+02 1.636459975704069620e+02 9.546276855468748579e+01 1.148790584910999399e+02 1.349046809309620016e+02 1.730393986701965048e+02 1.208488808565361410e+02 1.500609003702799384e+02 1.061467490563025535e+02 1.472554672529112452e+02 1.560208231608072538e+02 8.146588795979816666e+01 8.972806644439695845e+01
-6.146205849117703224e+01 -4.996631014788592751e+01 -4.227247492472331203e+01 -6.065955073038737311e+01 -6.849243034855012979e+01 -4.910924911499023438e+01 -5.885280279679732018e+01 -5.739810245319948478e+01 -7.151515221595765581e+01 -5.968639923805414327e+01 -6.453338979085286553e+01 -5.144229125976563211e+01 -6.140454922082289357e+01 -6.486764827775367337e+01 -4.467439549763997775e+01 -4.684491133689880371e+01
4.882596160802576080e+00 -1.886429506319537985e+00 -1.402257678243848993e+01 3.541418900092441202e+00 1.056014275935389257e+01 -4.395378168891456383e+00 1.880700159479270717e+00 6.188413124973495272e+00 8.247572213411329400e+00 4.174690292325129448e+00 4.614993025859196685e+00 -1.392351699993014336e+00 1.302767001570396665e+01 9.300061578735903112e+00 -9.581720733642573151e+00 -5.401065247133372438e+00
-2.742660729090372840e+01 -2.613274779143156934e+01 -2.374829885694715870e+01 -2.726756540934244910e+01 -2.899653216331235583e+01 -2.484470883537741415e+01 -2.611155739697543154e+01 -2.439252543045302346e+01 -3.073474460840225220e+01 -2.739611652285553589e+01 -2.840212877591450535e+01 -2.745424395341139601e+01 -2.548617388167471276e+01 -2.835738342190965966e+01 -2.444489860534667969e+01 -2.372691762447357178e+01
-7.896445637775793003e+00 -8.744270836865460694e+00 -7.067998972203996644e+00 -1.043204255898793598e+01 -8.864763591078020255e+00 -9.159359623404110806e+00 -8.176708123900674252e+00 -6.779506362090677030e+00 -1.096455437317490400e+01 -9.096359743628392280e+00 -8.813006506363551651e+00 -8.252207380074722209e+00 -7.245768353624163716e+00 -8.999122933841043448e+00 -9.678903102874755859e+00 -9.151660159230232239e+00
-1.803211429384019482e+01 -2.067502466837565223e+01 -1.911011483934190380e+01 -2.059801886876424248e+01 -1.836574977444064061e+01 -2.092318562900318923e+01 -2.067335635965520524e+01 -1.724599291914600485e+01 -1.807145529985427856e+01 -2.178471276926439870e+01 -2.006688462893168179e+01 -2.087632160920363233e+01 -1.783391248954917074e+01 -1.928087416990303637e+01 -1.905435784657796106e+01 -2.174216341972351074e+01
-1.262214441266324805e+01 -1.023284054685522015e+01 -1.304934337404039191e+01 -1.031140060822168891e+01 -1.505412767779442618e+01 -1.196128770183114476e+01 -1.023823231458663940e+01 -1.351098689386400054e+01 -1.501811833679676056e+01 -9.885015947874201458e+00 -1.288533395926157610e+01 -1.058375694201542672e+01 -1.474381459434077435e+01 -1.361600866435486523e+01 -1.188541679382324290e+01 -1.165577292442321777e+01
-1.689425354533725354e+01 -1.292496599974455584e+01 -9.254196325937906309e+00 -1.375931455294291084e+01 -1.944972733528383202e+01 -1.126197213285109555e+01 -1.363094542243263874e+01 -1.690579070075083479e+01 -1.907300519943237305e+01 -1.321258133511210531e+01 -1.857052882512410363e+01 -1.415340359394366843e+01 -1.861360501343348872e+01 -1.799304729626502208e+01 -1.066653126875559288e+01 -1.131966505944728851e+01
-8.294510430759853392e+00 -3.106867600370338156e+00 -4.838583429654439882e+00 -2.878925183415414146e+00 -9.212814967478477612e+00 -4.360838367658502968e+00 -3.606220768933947163e+00 -6.350879390360945287e+00 -1.083883728832006632e+01 -3.072144759255787783e+00 -1.008414111038049299e+01 -4.586387391273792247e+00 -8.909545043729385938e+00 -9.528114667645208868e+00 -4.778521641095480277e+00 -3.967330947518348694e+00
-9.749168632758987485e+00 -9.317380344426190675e+00 -8.511798143386840820e+00 -8.062909177939097560e+00 -8.995954669290973982e+00 -9.255097852033728145e+00 -8.731514909050680728e+00 -6.694606046555401591e+00 -1.044098179042339325e+01 -9.675077477166819762e+00 -1.079258326689402026e+01 -9.149487406015396118e+00 -6.595332928423607299e+00 -9.189349161254035891e+00 -9.851035292943318922e+00 -8.291482992470264435e+00
-4.897962191866520598e-01 -5.111106806331211949e+00 -1.095542094442579639e+01 -3.445359579722086174e+00 -3.808443257885640865e-01 -6.241251735126271072e+00 -4.597585155205295315e+00 -5.969532066482652333e-01 -1.155078001320359871e-01 -5.832347679969880794e+00 -6.362309664487846295e-01 -4.453556528458228136e+00 1.031472748180599419e+00 7.998539580975003727e-01 -6.999530378977457445e+00 -7.400783330202104437e+00
-6.404672729886240035e+00 -8.819519934830841734e+00 -7.339843802981906862e+00 -8.623513877888520085e+00 -5.193737283829718443e+00 -6.737324255354263158e+00 -9.531825980002228249e+00 -7.361308185730949916e+00 -3.532907564193009442e+00 -9.356260593547375493e+00 -5.423136022190252703e+00 -7.872772054030344080e+00 -6.497924562895072143e+00 -5.730485182853390924e+00 -8.246711524327595910e+00 -7.902496263384819031e+00
1.502492885742025692e+03 2.016842278885457972e+03 2.645151259699195180e+03 1.680230323808914591e+03 1.317601661675914329e+03 2.128930395020812284e+03 1.845058819947056463e+03 1.587317254152955911e+03 1.247506911288070569e+03 1.762378555950138889e+03 1.424629541246059944e+03 1.938812086164309676e+03 1.460139979517490701e+03 1.378155521902247983e+03 2.407355051681224722e+03 2.244009875835338335e+03
9.081353081597220989e-02 1.217267071759259162e-01 1.393771701388888951e-01 1.065755208333333259e-01 8.216513356854837635e-02 1.324103860294117418e-01 1.163552024147727210e-01 9.481759798728812971e-02 7.833862304687498612e-02 1.117255632267441789e-01 8.731282552083331761e-02 1.196852463942307543e-01 8.590986143867923586e-02 8.439429012345678327e-02 1.396158854166666685e-01 1.293029785156250000e-01
