-1.780399214002821395e+02 -2.132069382440476488e+02 -1.606115119934082145e+02 -2.380769987560454126e+02 -1.537918311379172849e+02 -1.878840390159970184e+02 -2.108941109521048816e+02 -2.027624114354451592e+02 -2.341695604596819464e+02 -2.505225261341441865e+02 -1.821361103057861328e+02 -1.988264238007214715e+02 -2.280059458414713447e+02 -2.320246429443359659e+02 -1.979038391113281250e+02 -1.487462967903383628e+02
1.035772321912977674e+02 7.321533457438152936e+01 8.495701789855957031e+01 6.350476528349378214e+01 9.479719155051492407e+01 1.081741699945359017e+02 7.698956939152310497e+01 9.525782283147177054e+01 7.190713511875698316e+01 7.157243728637695312e+01 1.065403156280517720e+02 8.253882318613480606e+01 6.107438532511393703e+01 8.521036899451053159e+01 1.103753986358642578e+02 1.026665521437122095e+02
-5.752392946879069768e+01 -4.481930290706573317e+01 -6.245420389175414755e+01 -2.703334099905831067e+01 -6.863830372203482000e+01 -4.354744048345656182e+01 -4.549477413722446073e+01 -4.580175065994261985e+01 -3.458254405430386669e+01 -2.636738820509476966e+01 -5.259773965315385169e+01 -4.560115685754892212e+01 -2.110841274261474965e+01 -3.020003113602148659e+01 -3.186662006378173828e+01 -7.264198604706794526e+01
2.834955847528244632e+01 2.798750106304410323e+01 2.633843398094177246e+01 2.095642639341808433e+01 2.633003699562766187e+01 3.593757093520390811e+01 2.902964557920182997e+01 2.504353399078051368e+01 1.969352865219115145e+01 1.679004068808121275e+01 2.562210343100807819e+01 2.740685895997650334e+01 1.429640165964762311e+01 2.492594224756414079e+01 3.971017646789550781e+01 2.316848866016633579e+01
8.469865747955108048e+00 7.721490606429083137e+00 8.432273805141448975e+00 7.210688593841735106e+00 6.536196208000182750e+00 1.517209561665852569e+01 8.802329587084907203e+00 7.883853485186895327e+00 6.749693163803645923e+00 5.382257496768778182e+00 8.682317294857718082e+00 9.065816100762816632e+00 7.920884609222412109e+00 1.115061005679043937e+01 1.985921478271484375e+01 5.818547918911901817e+00
-2.135616993639204964e+01 -1.649001409326281475e+01 -2.528684553503990884e+01 -5.362434943517058628e+00 -2.887935399575667361e+01 -1.177798879714239533e+01 -1.624381868541241758e+01 -1.556105375786622425e+01 -6.797496114032620440e+00 -1.593807545575238294e+00 -1.797291508587924014e+01 -1.617191629446282874e+01 -1.044810565312703332e+01 -3.181674252856872442e+00 -3.928199648857116699e+00 -2.934297280157765897e+01
-1.458110742833879669e+01 -7.201291580994928054e+00 -1.025368427485227585e+01 -5.624086578687035320e+00 -1.364369712634520404e+01 -9.835119639124188851e+00 -8.691452581967627822e+00 -1.348153679569562691e+01 -8.647403136321477390e+00 -9.419932056557048128e+00 -1.352959711172364266e+01 -8.788717807555686434e+00 -9.644901911417642637e+00 -7.044355362653734964e+00 -3.394103825092315674e+00 -1.342187717653090218e+01
-1.187370001475016323e+01 -2.605220085098632232e+00 -1.256116319596767283e+01 -1.227469817513510364e+00 -1.454689635905352674e+01 -6.253003960564023522e+00 -2.846030476769167983e+00 -8.611620320628087910e+00 -3.678130845512662894e+00 -2.453491327437488323e+00 -1.091894973408092007e+01 -4.183360075768159270e+00 -5.390783627827962832e+00 3.132848233887637335e-01 -5.547715425491341890e-01 -1.496171938988470629e+01
-2.135771432982549811e+01 -1.435241041675445395e+01 -1.981010799407958700e+01 -5.996504267056774751e+00 -2.247050783742556845e+01 -1.506601052057175494e+01 -1.570564782406602156e+01 -1.779287681604425231e+01 -7.316913487230017665e+00 -5.077328885143446158e+00 -2.023273356394334144e+01 -1.451848837915731849e+01 -3.995254913965860410e+00 -6.591673166462857836e+00 -8.871864557266235352e+00 -2.405028370888001277e+01
-2.907928190959822690e+00 2.574433114793569288e+00 -2.277882415056229792e+00 1.064465575274967879e+00 -4.025132747129958943e+00 2.612699735732306738e+00 2.533369588000434103e+00 -1.336976097275813125e+00 3.091703581809994716e+00 2.360914820974524986e+00 -1.499002260917966511e+00 1.858169511872895141e+00 3.769040266672770478e+00 3.307740052541094933e+00 8.762001276016235352e+00 -4.909659990379886985e+00
-1.129537716176775142e+01 -3.503977147832753047e+00 -9.280447262525559182e+00 -9.448501626650493534e+00 -1.176472695740786634e+01 -8.779417469387961859e+00 -4.655648045241835398e+00 -9.090361556659143361e+00 -8.230449128150940652e+00 -1.037695934013886934e+01 -1.108031753247434459e+01 -4.274116333650084698e+00 -1.033137830098470111e+01 -5.108651776205409334e+00 -6.931391239166259766e+00 -1.351165883771835041e+01
-2.219559734066369749e-01 6.924543549144077659e+00 3.847651942819356741e+00 2.981783900942121424e+00 9.044499830766028481e-02 1.221631509917123326e+00 5.017060707190204916e+00 1.044036526232954731e+00 3.298249215313366900e+00 2.284373849630356279e+00 3.609463125467278211e-01 5.558926115230637066e+00 2.544528524080912568e+00 6.175680476607697145e+00 4.406028181314468384e+00 -5.388636550595728991e-01
2.258725977606250712e-01 8.362383113967051251e-01 8.569449931383754659e-03 -1.676156178826376575e+00 3.104033957828180035e-01 3.011065357497760608e+00 6.519510410726077065e-01 -8.902488388121119200e-01 -1.597319109099243351e-01 -6.922023811123583226e-01 1.198973459276286624e+00 2.546562962081968529e+00 -2.708762725194295395e+00 2.840825407794028479e+00 6.909356296062470371e+00 2.227501691349091928e+00
1.948809060451194000e+03 2.590317787045137266e+03 2.267298734306249116e+03 2.998713990506086247e+03 2.152354834758148172e+03 1.744417520748798097e+03 2.485129778859587532e+03 2.077194055193718214e+03 2.714591590769818140e+03 2.846182382336480259e+03 1.854114966558414380e+03 2.359786821703495661e+03 3.221827542417549466e+03 2.220793147275929641e+03 1.532500282576893596e+03 2.040740023898873233e+03
1.033257378472222515e-01 1.614505828373015983e-01 1.297729492187499889e-01 1.716889880952380820e-01 1.398526278409090717e-01 7.742745535714284921e-02 1.524571010044643016e-01 1.001892089843750139e-01 1.496791294642857151e-01 1.676802201704545303e-01 9.239612926136364646e-02 1.356226084183673464e-01 1.902669270833333426e-01 9.820371685606059386e-02 6.884765625000000000e-02 1.299143145161290314e-01
