-1.810240362578747124e+02 -1.520886243184407647e+02 -1.624300367567274179e+02 -1.941732747004582222e+02 -1.853469188851370006e+02 -1.631041325160435349e+02 -1.548122100830078125e+02 -1.887829700372157902e+02 -1.940670845725319396e+02 -1.599386859469943545e+02 -1.729587907791137411e+02 -1.886699944390190922e+02 -1.645836593627929574e+02 -1.545577212246981560e+02 -1.952161644829644160e+02 -1.937846948724043727e+02
9.494265806908700256e+01 2.834710566202799953e+01 6.180702930026583886e+01 1.084035464066725467e+02 8.794255517234265085e+01 1.810999209540230481e+01 4.952815957502885169e+01 7.410012836945362835e+01 1.131837769710656687e+02 4.642204538981119555e+01 8.245028482164654804e+01 1.048889778984917598e+02 2.836459350585937500e+01 5.005706128207120287e+01 1.156539702238859917e+02 9.993948022942794296e+01
-4.001511585946175131e+01 6.196920077006495831e-02 -2.522988107469346630e+01 -2.786336545302317447e+01 -3.637710393986230883e+01 1.879535511561802963e+01 -3.111747676675964414e+00 -3.408123615460517897e+01 -2.650762649738426546e+01 5.801308843824607209e+00 -4.055376789825302097e+01 -3.342853494750127652e+01 9.414873313903811436e+00 -1.404164426976984359e+01 -1.959537329055644506e+01 -3.429031510102119995e+01
3.283315645479688527e+01 1.183520070711771766e+01 3.957225354512532789e+01 3.174637095744793314e+01 3.582714644955917294e+01 8.836345332009436504e-01 2.486965493722395593e+01 3.494118211208245839e+01 3.173173433361631623e+01 1.166163610749774548e+01 3.544237092563083991e+01 3.074164436128404532e+01 3.600099951028823853e+00 3.783630982312288893e+01 3.355533529210973853e+01 3.215961108709636562e+01
1.133897420997713112e+01 2.990767002105712891e+01 1.391131101051966290e+01 1.315675917267799200e+01 1.162531720122820822e+01 2.281534821646553723e+01 1.708597690408879899e+01 9.255797465642292110e+00 9.977235667633287619e+00 2.021216222974988952e+01 1.258791544288396658e+01 1.046955579221248556e+01 2.626862831115722230e+01 1.347986817359924139e+01 1.364269839392767913e+01 1.098606599553635199e+01
-1.884324715417974971e+01 -1.615718658765156945e+01 -1.867579952875773230e+01 -1.394705264843427628e+01 -1.955251747453716860e+01 -1.789931065695626344e+01 -1.946827559037642175e+01 -1.841443861142182925e+01 -1.379180782491511259e+01 -1.437979899512396997e+01 -1.935815345815249700e+01 -1.606371842092937996e+01 -2.187449760437011648e+01 -1.699160374294627829e+01 -7.653185261620421898e+00 -1.618974072427341682e+01
-1.461283203930247332e+01 -8.261045128107070923e+00 -7.093848519855075807e+00 -1.406068588678653697e+01 -1.248613427012739052e+01 -1.240149906703403992e+01 -1.195461073788729500e+01 -1.032645661708636098e+01 -1.383284363060286815e+01 -1.145799854728910638e+01 -1.197340380719729858e+01 -1.482774128417174531e+01 -1.203901529312133789e+01 -2.903470462018795217e+00 -1.141137824235138964e+01 -1.260146503424958198e+01
-1.145121562480926691e+01 -7.040534655253091856e+00 -9.826438913742700620e+00 -1.080784185803853603e+01 -7.761769455083657121e+00 -9.626190934862409065e+00 -1.129529168389060345e+01 -1.124888867292648698e+01 -1.095734855081095915e+01 -1.286481518215603259e+01 -9.577179838504111586e+00 -1.199295508596632409e+01 -8.028692793846129661e+00 -1.524053064259615908e+01 -1.206249868980160755e+01 -1.105090908000343930e+01
-2.221394190133786140e+01 -1.623464806874592981e+01 -1.592296199003854973e+01 -1.919406421597187062e+01 -2.067097635840026371e+01 -1.425651618412562804e+01 -1.782304798473011331e+01 -1.892647092770307182e+01 -1.940422930139483881e+01 -1.699624413914150622e+01 -2.022576868746961765e+01 -2.214317814244163785e+01 -1.659338836669921946e+01 -1.892021745985204362e+01 -1.974085202923527405e+01 -2.128405460558439444e+01
-5.672272210904195866e+00 -1.503478844960530303e+00 -2.996034234762191772e+00 -6.631033148329993132e+00 -4.816754894777083074e+00 -2.935285176549638830e+00 -8.542101448232477523e+00 -3.700783953452723374e+00 -5.474959445270626723e+00 -4.859591590033637054e+00 -3.244429187050888785e+00 -6.330297945936522730e+00 -1.553994321823120028e+00 -5.032511516050858447e+00 -5.368016108318611757e+00 -4.981566595403771558e+00
-1.327141795672622315e+01 -1.459816567103067975e+01 -1.260269994205898669e+01 -1.400950032816483315e+01 -1.239105713367461981e+01 -1.115228213582720151e+01 -1.154452443122863770e+01 -1.409871352024567415e+01 -1.436400394096518873e+01 -1.250189534823099713e+01 -1.339904199008430652e+01 -1.416294926140043486e+01 -1.618860626220703125e+01 -1.358124277808449420e+01 -1.421899467927438110e+01 -1.187283808385070927e+01
2.964748380815276363e-01 -7.757027496894201013e-01 5.878747949997578104e-01 -1.675892872306016690e+00 -6.561748528144730752e-01 3.218173640114920353e+00 2.539256236769936503e+00 -9.702722521928642818e-01 -2.440749317407610697e+00 2.423997415436638381e+00 -3.145212818469323990e-01 -2.634451294110878194e+00 9.043203115463254171e-01 3.774159109050577499e+00 -3.184053105336649203e+00 -1.086408244347885521e+00
-6.325853058812665353e+00 -2.713235745827356382e+00 -4.801692916287315427e+00 -7.321173014262547518e+00 -7.465317645123307422e+00 -4.887850344181060791e+00 -8.063814201138235660e+00 -6.779939155548046159e+00 -6.669988830432746596e+00 -4.403533193800184264e+00 -7.162214839032716718e+00 -6.915261874596277281e+00 -5.857380676269531072e+00 -8.453331689942967131e+00 -7.807076078874095160e+00 -7.294060455341088378e+00
2.087828332962325021e+03 4.571977530947038758e+03 2.835925474364023557e+03 1.706258922674508767e+03 2.242583643874686004e+03 5.598285918843818763e+03 3.487397478280387077e+03 2.588695827637390266e+03 1.556917845149146387e+03 3.958701903776822292e+03 2.373724731150005482e+03 1.816881741292670085e+03 4.986472968767932798e+03 3.160433173217590138e+03 1.371554006707402550e+03 1.959618184893144871e+03
1.171492034313725561e-01 2.987467447916666852e-01 1.543240017361111327e-01 6.746732271634614531e-02 1.256739656690140927e-01 4.639369419642856984e-01 1.782226562500000000e-01 1.535832331730769273e-01 5.710671164772718883e-02 2.205946180555555802e-01 1.353062220982143016e-01 8.240559895833329818e-02 3.825195312500000444e-01 1.559836647727272929e-01 4.311342592592594392e-02 1.001105057565789547e-01
