-2.104951457977294922e+02 -2.051298261943616126e+02 -2.294409582955496774e+02 -2.048610778558449397e+02 -1.920853334154401466e+02 -2.426624603271484375e+02 -2.590424575805664062e+02 -1.893782730102539062e+02 -2.083869776407877623e+02 -2.094079845382506448e+02 -2.088142137198612716e+02 -2.265222119587223801e+02 -1.722624074935912972e+02 -2.197827097574869697e+02 -1.853346881118475267e+02 -2.774364074707031023e+02
7.872013481458026263e+01 1.124882100958572977e+02 4.531781332833426745e+01 9.234671608346407368e+01 5.229018783569334516e+01 1.284886358160721329e+02 1.449255967140197754e+01 3.855120717562159882e+01 1.010535282389322873e+02 1.056370818356433290e+02 6.936545247045054907e+01 1.201025319913538283e+02 6.514272918701169601e+01 3.431999905904132930e+01 8.776342115215226158e+01 1.338884689331054574e+02
2.254026381919781130e+01 8.567318701744060405e+00 4.690588814871652090e+01 1.652083621455020435e+01 3.378274498241287915e+01 1.239282073786383265e+01 8.045141029357910156e+01 3.089727871234599732e+01 1.528968938509622610e+01 1.524404544571795661e+01 2.485639726704564723e+01 1.156424563541646044e+01 3.070383238792419434e+01 7.056430816650392046e+01 1.719774210686776783e+01 2.189591248035431192e+01
2.533061059315999586e+01 3.035452306772533149e+01 -4.840920175824848570e+00 2.850891361861932793e+01 2.881905422891889401e+01 2.897549675326598262e+01 -8.340806484222408557e+00 3.021827961848332578e+01 2.611160995483398750e+01 2.851709751120533198e+01 2.207900974668305594e+01 2.818582404023263166e+01 2.172480727285147140e+01 4.287170171737674451e+00 2.986640310754963323e+01 3.053631534576416229e+01
2.396521220604570956e+00 9.820210710324731807e+00 1.220578432083129883e+01 4.717966544823568142e+00 -4.517808215958725171e-01 1.239239047389281012e+01 1.964641427993774414e+01 -4.359090809638672681e-01 4.579655861854545762e+00 7.674214697745910030e+00 -1.943355494532096550e+00 8.500955351242204472e+00 2.588719570636750511e+00 1.995550600687662879e+01 3.593735157274730252e+00 1.752526536583900096e+01
1.315436995526154895e+01 1.509610367323223024e+01 1.382935535056250487e+01 1.422388045221078556e+01 1.559373835154942078e+01 1.439582054787560494e+01 1.707405626773834229e+01 1.426643622838533787e+01 1.355290089408556753e+01 1.647105693314449226e+01 1.280797756540364318e+01 1.380869017286998712e+01 1.235241736471652985e+01 1.271266810099283795e+01 1.243074594584166093e+01 1.619595452547073577e+01
1.169151968012061005e-02 4.533357336019213868e+00 -8.347896712166921418e+00 2.044942899317036655e+00 -5.321718011583601360e+00 3.992925719210974833e+00 -6.620364844799041748e+00 -2.398787094996526648e+00 2.552269845803577297e+00 5.072545819971933767e+00 -1.505368563635596679e+00 5.533613185330133355e+00 -5.634776351600885747e+00 -3.830189069112143407e+00 3.550151060609243459e-01 1.915131461620329878e+00
-1.582803913702563792e+00 3.492903808229847584e+00 -3.710026264190673828e+00 4.344843743277304604e-02 1.441661962441036060e+00 5.945860674506738164e+00 9.527181863784791815e+00 2.590664395919217711e-01 1.380095165769259724e+00 2.767426226871559702e+00 -4.050423095966204201e+00 2.377836247588076546e+00 -1.369381074607373128e+00 5.495989958445231416e+00 7.890649630742897491e-01 6.576048028469083206e+00
1.041634981210032729e+00 1.511123789768469061e+00 -5.108483178274969561e-01 2.101793116233387160e+00 -2.507656016520091846e+00 3.061648834692800580e-01 -9.896861314773561791e-01 -4.193554795705354721e+00 2.164435332616169383e+00 1.919469277004160812e+00 2.830443394595178574e+00 5.326263803716109191e-01 -1.134485301375389055e+00 1.831049621105193870e+00 2.133490859293469377e+00 1.534370946884154652e+00
4.596750585983198079e+00 5.076988593096798397e+00 1.429985497679028938e+00 6.171280271450028110e+00 4.066300460270472428e+00 7.320445877941050838e-01 5.651523768901824951e+00 8.955977513239933074e+00 5.064159604708355467e+00 4.535553000777603039e+00 7.684555242801534902e+00 4.037566299663812863e+00 3.271631836891175205e+00 1.231005048751831055e+01 5.981569003825094377e+00 1.947531360387802835e+00
6.471619370083018241e-01 1.310194443087829841e+00 -8.170667886734008789e+00 4.796765622545482444e-01 -2.626431499208705667e-01 -4.695458976845994226e-01 -2.507880628108978271e+00 -1.631781779802762289e-01 1.158647414445876711e+00 -8.736176950385743378e-01 3.374167982488871065e+00 2.482414946505207887e+00 -1.479702550172806053e+00 -2.129420002301533721e+00 2.526275810657763188e+00 -7.883995175361631080e-01
3.503290610698361895e+00 1.202637491728134833e+00 4.249658414295738318e-01 4.648758830594235114e+00 5.355559655598231217e+00 2.334019784864626246e+00 1.477897480130195618e+00 8.062389144530662577e+00 2.523882871468862810e+00 2.643172996589936652e+00 8.710651479918376516e-01 1.958071911662093267e+00 5.390625065565108898e+00 6.365797797838846250e+00 7.001831024300818385e+00 4.362407001852988131e+00
-1.731580954045057075e+00 -1.712271968941939670e+00 -9.018199954714093636e+00 -1.921372929557425557e+00 1.477466974939618316e+00 -6.454281642248753670e-01 -4.107679605484009677e+00 -2.620689135331384367e-01 -3.599236991008125663e+00 -8.593371822891480161e-01 -5.395650370367643056e+00 -1.774370139691888726e+00 -3.389544051885607701e+00 -6.020062526067098574e+00 4.828774742051653579e-01 1.823569917678833141e+00
2.478209787383317234e+03 1.551868945071698818e+03 4.342808519269112367e+03 2.049822275208880455e+03 3.407265631431370821e+03 1.218755833905136342e+03 6.160969842857726690e+03 3.853808036852657096e+03 1.865744310781223476e+03 1.704908428476889412e+03 2.766572826951894967e+03 1.394208516781868184e+03 3.060346997102114983e+03 4.896259756309891600e+03 2.231717383898877870e+03 1.054390543241456044e+03
8.373006184895832871e-02 4.848889802631577151e-02 2.254464285714285476e-01 7.093685963114754189e-02 1.515066964285714246e-01 3.398694490131576318e-02 3.352050781250000000e-01 2.035006009615384359e-01 6.177083333333333731e-02 5.138130647590358202e-02 1.097117456896551380e-01 4.031893102134147255e-02 1.249999999999999722e-01 2.051595052083333148e-01 7.329005821078431182e-02 2.668457031249998890e-02
