-1.699702434539796059e+02 -2.026001900653449752e+02 -2.411952623007954912e+02 -1.475654628208705788e+02 -1.958100155605359021e+02 -1.911825775518650516e+02 -2.015393246332804438e+02 -1.647229527064732224e+02 -1.751276707368738528e+02 -2.017385970667788797e+02 -2.840990302044413056e+02 -2.623958861309550343e+02 -2.299838898349815679e+02 -1.817857759263780508e+02 -1.865748245239257699e+02 -2.089178085327148438e+02
1.255259454975957283e+02 7.766791152954098720e+01 1.457265779799309939e+02 6.285711757114951581e+01 9.753825652733273444e+01 1.345481613283234879e+02 1.045010619481404319e+02 4.662963921683174817e+01 6.011762080473056358e+01 9.980292725144767019e+01 1.464282211082568779e+02 1.171936269013777974e+02 1.385779998134559605e+02 8.851772732204857164e+01 7.297644359043661666e+01 1.106191411241192668e+02
1.944017860552522237e+00 2.268249290330069101e+01 1.404106882430504832e+01 1.857880997998373829e+01 1.388381055181616475e+01 5.473694032285260747e+00 1.022880684485036262e+01 2.749582808358328379e+01 2.662066695269416172e+01 1.615128471715409120e+01 2.829926696722057500e+01 2.401374078541993384e+01 1.501569172467144142e+01 1.834594079047914761e+01 2.017066189902169171e+01 1.377938627138316185e+01
2.501740729290505882e+01 2.467654019959118727e+01 2.710787634227586906e+01 2.425223465647016141e+01 2.036069874147351300e+01 2.437804797412903213e+01 2.436406501134236535e+01 1.787593146732875482e+01 1.982043765572940330e+01 2.277889999381282848e+01 3.137512339716372622e+01 2.499368435403575006e+01 2.617699042844100887e+01 1.998399752662295725e+01 2.129385063988821614e+01 2.640088793496105879e+01
8.704754245669946044e+00 4.296178165138980987e+00 1.464123730750189267e+01 -4.903324552944692272e-01 3.716180601983939624e+00 1.040367370262378266e+01 6.098035097122203041e+00 2.346829925264631633e+00 -8.505527797867298290e-01 7.015330044323941472e+00 1.845030633954035082e+01 9.058716378782106560e+00 1.135812566229995468e+01 4.225661454692718699e+00 1.498202461004254360e+00 8.526975909126138120e+00
8.722017264884360799e-01 6.244815624490076544e+00 7.691185064829769047e+00 1.426007318496699927e+00 -5.866665743040311298e-01 1.075000312997065777e+00 3.128381811579057370e+00 1.370024790082659116e+01 8.898317365085377517e+00 1.943931390841790563e+00 1.771146630290624913e+01 1.094455872735250779e+01 6.634617163865286216e+00 3.099471398762290164e+00 2.372093987464901410e+00 6.104554629214455908e+00
3.021170584403946702e+00 7.952668599936427718e-01 8.577071173467396559e-01 -3.369397989766945933e+00 5.746518988790052518e-01 3.869366800881973489e+00 3.570919617265462698e+00 4.497996091842651367e+00 1.003083262373419382e+00 2.006192485491434585e+00 6.475457467030778957e+00 5.285880546854883733e+00 2.292825762444818505e+00 8.696302743185133632e-01 -4.680458460535321663e-01 4.928943602002659574e+00
3.859080255031583917e+00 3.635407899107251595e+00 5.952189017465150833e+00 2.423690190485542573e+00 1.788425885224615985e+00 3.151087641716006083e+00 4.352330431714652725e+00 4.475534141063690186e+00 1.940493292668284742e+00 4.422462224437477829e+00 9.381299715111225623e+00 5.872687451865362007e+00 4.737547265182076472e+00 3.091231227867185183e+00 2.314343171460286008e+00 4.351959442075724382e+00
-1.378760700640465853e+00 2.314236220656607834e+00 2.475838354964186472e+00 5.163542679377954858e-01 3.575517008813581477e+00 1.261112621160058511e+00 2.279745355496804127e+00 5.020039371081759683e+00 3.224680856746784396e+00 3.707764940303672763e+00 1.263642894185106336e+00 3.243053479687031171e+00 1.780306574954112264e+00 3.418070606769076036e+00 3.784240308829715183e+00 1.441946431367752801e+00
-3.538691489268907198e+00 3.961066264279032190e+00 -4.194409782471888448e-01 6.085017793519159390e+00 4.234657868240656597e+00 -2.656676493039945797e+00 5.003722171982125211e+00 3.191570741789681698e+00 2.405637919902801958e+00 5.721889485915498952e+00 2.930996501791304887e+00 5.623964267418422480e+00 2.921767977761506874e-01 3.061747689568807829e+00 6.041503024101258390e+00 3.054583331552624514e+00
-8.556756692412104570e+00 1.861822845984480335e+00 -9.643085710164426061e+00 5.401571151188443665e+00 8.548929698011873413e-01 -9.299931386621983265e+00 2.061743686099850148e+00 1.174843362399510038e+00 1.505092999514414220e+00 1.513033049671275609e+00 -4.515289342489795743e+00 6.176968839667442701e-01 -9.539917077396953715e+00 1.853789330947968939e+00 4.284930736677988961e+00 -8.996729396771030451e-01
1.780776619263314320e+00 3.957805021684996483e+00 7.280033783635797562e-02 5.832909890583582779e+00 3.480577628599124118e+00 8.724671408412465468e-02 7.886708290874975269e+00 1.211078286170959029e+00 3.324207951040828668e+00 6.369072444344816120e+00 4.381343663602638827e+00 4.906859563744580655e+00 -5.454302276943772121e-01 3.202961099289710400e+00 4.599577038628714476e+00 4.152971237619345501e+00
-4.361110150814053732e+00 1.635905771839412104e-01 -5.284462029519296777e+00 5.059942075184405752e+00 -1.910557249288876935e+00 -5.411286485631292997e+00 -1.951011641323562085e+00 -1.823470132691519474e+00 -2.117262026842907652e-01 -2.228927652041113205e+00 -2.972384275949516930e+00 -2.291274027979893102e+00 -4.672746384437651557e+00 -2.848058581352232554e+00 7.482162543705563884e-01 -3.345484632754994969e+00
1.450750220055680074e+03 2.371121409149904139e+03 1.038770179762867656e+03 2.890432414225637331e+03 1.934268942703232597e+03 1.293405523929475294e+03 1.669229394384515899e+03 3.788696694977429615e+03 3.241871131287206481e+03 1.791952474256788037e+03 8.761995722754719509e+02 1.394963622269144707e+03 1.160583655756273401e+03 2.133618745749347454e+03 2.623277984985686999e+03 1.550030447565284248e+03
6.300420346467390520e-02 7.531489158163263975e-02 4.062287703804352140e-02 1.223772321428571869e-01 6.549552317415729963e-02 5.424288617886177666e-02 6.547444661458332038e-02 1.804547991071428492e-01 1.195427389705882304e-01 6.463301809210525439e-02 3.246008831521741966e-02 4.758088485054348671e-02 4.572994608274651845e-02 7.453652033730157056e-02 9.715401785714289362e-02 5.973459404205606893e-02
