-1.656992539625901486e+02 -1.341601122342623000e+02 -1.771658200581868243e+02 -1.843528194427490234e+02 -1.327527389526367188e+02 -1.501433762581117719e+02 -1.823844018360924792e+02 -1.715631187702047384e+02 -1.779653130990487284e+02 -1.716656650543212663e+02 -1.461245490180121465e+02 -1.465282253343231673e+02 -1.488155056497325006e+02 -1.453593004771641120e+02 -1.376244823649777800e+02 -1.852459248509900078e+02
1.278036765465369626e+02 1.159135950528658299e+02 1.229635765075683622e+02 1.319954347610473633e+02 8.287819671630859375e+01 1.123291657970797672e+02 1.234343440948970709e+02 1.311960388709758831e+02 1.198324651364927007e+02 1.289731698354085268e+02 1.038537080552842866e+02 1.305623793310048768e+02 1.257158747134001402e+02 1.190954843248639747e+02 1.229933066933841985e+02 1.161764563198747311e+02
-4.663503698202280390e+01 -5.935246320871206649e+01 -4.428090642293294366e+01 -3.115939903259277699e+01 -3.912033462524414062e+01 -5.672824004388624530e+01 -4.055206659105087397e+01 -3.628597752801302079e+01 -4.544339635637071950e+01 -3.952151260375975994e+01 -4.422006946139865846e+01 -5.386264871091259465e+01 -5.417834058015243670e+01 -5.854858609608240982e+01 -5.888823376671742693e+01 -4.061392205336998984e+01
2.576647497323843439e+01 2.837216854095458984e+01 2.535548270543416649e+01 2.747162413597106934e+01 2.565967464447021484e+01 2.984149865181215588e+01 2.524755797310481142e+01 2.648699773591140172e+01 2.578183859365958241e+01 2.706948612531026299e+01 2.970952860514323035e+01 2.756734135686134834e+01 2.863532820991848027e+01 2.873852004323687126e+01 2.946342482809293273e+01 2.314452214076601422e+01
1.024061650863060535e+01 1.109505002315227884e+01 1.163478515545527081e+01 1.377945566177368164e+01 1.996198678016662598e+01 1.225823855784631533e+01 1.076193263417198587e+01 1.147238989534049125e+01 1.221518084296473816e+01 1.136320918401082380e+01 7.476341022385491364e+00 1.158557532028276071e+01 1.193838597898897902e+01 1.237560219424111452e+01 1.166993555376085112e+01 1.037676521005301566e+01
-2.300592358662531822e+01 -2.786052513122558949e+01 -2.086442481627067735e+01 -9.782242417335513807e+00 -1.236640310287475586e+01 -2.422542179592194245e+01 -1.963825875993759595e+01 -1.862602447641307535e+01 -1.943182338277499355e+01 -2.005119033977389975e+01 -2.053001785278320312e+01 -2.804622932356231502e+01 -2.652395679639733928e+01 -2.690779209136963246e+01 -2.869972561981717973e+01 -1.752218397732439215e+01
-2.303701072105994641e+01 -2.194283371705275343e+01 -2.341823221842447822e+01 -1.874267554283142090e+01 -4.649162292480468750e+00 -2.073332032849711482e+01 -2.435209407503642609e+01 -2.131443951047700125e+01 -2.114768180140742260e+01 -2.197718515396118022e+01 -2.222129885355631629e+01 -2.376799272031199806e+01 -2.244440876919290417e+01 -2.202630225249698981e+01 -2.168985576952918137e+01 -2.120705752537168109e+01
-1.085973152839220646e+01 -1.230346105648921196e+01 -8.554353899757069613e+00 -6.039589072111994916e+00 -6.921279191970825195e+00 -9.464854459608755377e+00 -9.648280173067064425e+00 -9.490636624138931055e+00 -7.478184637096195075e+00 -9.159140791495643086e+00 -5.493602673212688359e+00 -1.097780371320491000e+01 -1.033523519985053873e+01 -1.082834573090076624e+01 -1.256126062849820357e+01 -6.875919078701530296e+00
-2.084891230509831672e+01 -1.877728385191697313e+01 -1.634329965909322269e+01 -1.450170588493347168e+01 -1.005503928661346436e+01 -1.667239256828062111e+01 -1.800078068839179224e+01 -1.791594690289990766e+01 -1.418378995966029166e+01 -1.843925460179646691e+01 -1.937415790557861328e+01 -1.917121090207781009e+01 -1.988113612714020917e+01 -1.913260268313544188e+01 -2.168278794369455653e+01 -1.311779935195528246e+01
-6.774957528939613560e+00 -4.713358166126103477e+00 -6.081001531084377909e+00 -5.014245912432670593e+00 -8.087323009967803955e-01 -3.608639778629425088e+00 -8.087700436039575891e+00 -3.875737208744574502e+00 -5.420971494030069060e+00 -5.417818093299865190e+00 -4.844085812568664551e+00 -4.664034026009694855e+00 -7.523006189128626175e+00 -6.546372068380670761e+00 -5.841182506690589804e+00 -4.620963573455809659e+00
-1.156235057665751675e+01 -1.427770096522111132e+01 -1.207094737688700370e+01 -9.359430789947509766e+00 -8.715056896209716797e+00 -1.199762075947177209e+01 -1.282049165074787567e+01 -9.878213282289177499e+00 -1.297858651258327534e+01 -9.781447670857112087e+00 -1.283681697315640058e+01 -1.072127301352364803e+01 -1.337419071404830362e+01 -1.543308417286191769e+01 -1.300638696096711300e+01 -1.182798310806011521e+01
6.710440047199909053e+00 6.067884862422943115e+00 6.454153387745221515e+00 8.087628781795501709e+00 -2.357572793960572177e+00 6.479646428938835356e+00 4.568578739014885315e+00 5.937251530844589453e+00 5.584152126753774148e+00 7.282117778062820790e+00 7.134974877039591767e+00 6.379549493595044751e+00 8.287855845430623702e+00 7.992370858788492072e+00 8.160220560380968990e+00 4.355450946709206406e+00
-4.739889854651231360e+00 -5.879005111180819476e+00 -5.509034305810929233e+00 -3.102164909243584123e+00 -2.605552673339852632e-01 -5.721427309897638480e+00 -5.879943808865925270e+00 -2.731143856870717812e+00 -4.882299661084458009e+00 -3.447366333131988370e+00 -7.984318269623660314e-01 -4.701407091958182960e+00 -3.981095453967219644e+00 -4.752177971814358415e+00 -3.983386452925406829e+00 -6.456574744191662774e+00
1.547433366724339749e+03 1.858772961508054323e+03 1.678907944805772786e+03 1.317911834905170053e+03 2.421854328545675799e+03 1.921610391028258391e+03 1.612098695339930146e+03 1.415149795591353950e+03 1.741317056935088885e+03 1.491049366148753734e+03 2.033432851077081523e+03 1.591161709091004468e+03 1.652843302675431687e+03 1.787059540182884120e+03 1.717674211200115678e+03 1.819815861142939411e+03
7.685546875000001665e-02 1.251690204326923184e-01 9.015299479166666297e-02 4.992675781249999306e-02 1.054687500000000000e-01 1.289850050403225923e-01 7.688492063492066708e-02 6.061422413793104980e-02 9.962745949074074125e-02 7.020670572916669350e-02 1.151801215277777762e-01 8.937539859693877098e-02 9.727411684782608092e-02 1.162283761160714524e-01 1.053859904661017116e-01 9.652815193965516571e-02
