-2.574740249958444451e+02 -2.905704380915715319e+02 -2.509805555601377591e+02 -3.321864624023438068e+02 -2.890187217712402230e+02 -3.169461714426676622e+02 -2.636766860268332948e+02 -3.246159884134928575e+02 -2.067918032132662347e+02 -2.849065535525058408e+02 -3.251942696406923687e+02 -2.944127630753950484e+02 -3.401179741753472854e+02 -3.405843511617408694e+02 -2.377126514210420964e+02 -2.665289249420166016e+02
1.593000358419215559e+02 1.284091683412209761e+02 1.555364833522487515e+02 1.596022644042968750e+02 1.166617210388183707e+02 1.391984082857767646e+02 1.619412519281560776e+02 1.440993922551473077e+02 1.455119358943058785e+02 1.222973158816074175e+02 1.661230195144127038e+02 1.372972788377241784e+02 1.494008046468098883e+02 1.538354544009802396e+02 1.494159325992359868e+02 1.084124145507812500e+02
-1.991356941486926502e+01 -2.732045628474308785e+01 -2.625329018927909175e+01 3.771290307899690220e+00 -2.435941804647445252e+01 -1.560086587071418762e+01 -1.398697131601246824e+01 -9.938647164031859660e+00 -3.623624449509840417e+01 -2.665253220720493488e+01 5.903055988509084528e+00 -2.703131716901605586e+01 -4.048775143755806383e+00 -5.950560519155452255e-01 -3.172726782630471831e+01 -1.993160545825958252e+01
4.708953938585645460e+01 3.418620740450345608e+01 4.480217812512370301e+01 3.343472063316489340e+01 3.495072612762451314e+01 3.232501802841822069e+01 4.920226799358019321e+01 3.316299742460250854e+01 4.692354818490835555e+01 3.392552602037470422e+01 3.660705132320009625e+01 3.024346826293251667e+01 2.903997147878010310e+01 2.961915242896888856e+01 4.411419481389663133e+01 3.350659894943237305e+01
2.275141371057387119e+00 -5.891132478530583860e+00 7.445111496222980296e-01 8.086976982512574352e+00 -6.433070635795594683e+00 8.367465273477132648e-01 2.047064324671570290e+00 2.853371119126675737e+00 -8.345389118561380215e+00 -7.522292246209806521e+00 1.175575836773576732e+01 -6.055477064780206753e+00 6.364455244938531209e+00 7.456996836752271207e+00 -1.045057655257338070e+00 -3.572286628186703616e+00
-6.227267606461284188e-01 -6.129809480447023784e-01 -1.221046828136251206e+00 1.321988512884896050e+00 3.813570970296860096e+00 3.900226061853270032e+00 -2.556847026063636008e+00 2.299496776113907792e+00 -3.347453834918830751e+00 6.399405998118389283e-01 2.521505341447632720e+00 -2.857465536756953028e+00 2.937511466609107558e+00 3.731504724835450482e+00 -3.527121403638053820e-01 9.724183380603792060e+00
3.265560604473377371e+00 2.878255492601637933e+00 1.562372623665911453e+00 5.104782117706422540e+00 4.606328564882279153e+00 5.478600120482344238e+00 2.989847685803066923e+00 4.783356349915265149e+00 -7.625797014970046916e+00 -2.672311245126874901e-01 4.965246146095209312e+00 1.245351750064978447e+00 6.269396489196351396e+00 6.708417648414396695e+00 3.624991897274298935e-02 3.886517927050590959e+00
5.673464513839564738e+00 1.276734154499494345e+01 5.727610498666768635e+00 1.291633589650100511e+01 9.555932700634002686e+00 8.555636167526245117e+00 5.366073841398417699e+00 8.603484154989322619e+00 1.598816087612741299e+00 1.121728987262604349e+01 1.027553843424237989e+01 8.986050116744907612e+00 1.152521887885199803e+01 1.259751364420045405e+01 5.809641897678375244e+00 1.531885534524917603e+00
8.671544390790038026e-01 5.463263449760585644e+00 1.929563616377279356e+00 6.112966453129390132e+00 -1.139127904176710615e+00 1.663589560737213091e+00 5.792986398393562553e-02 1.790712475466234466e+00 -3.873247967889674293e+00 2.503877300055739052e+00 4.345219420975652724e+00 3.850645034150645962e+00 4.823892101976607449e+00 4.825972039744540254e+00 3.641522069187726807e+00 -1.842857114970684052e+00
3.135201482062644818e+00 6.451604022811621597e+00 4.688585371584506944e+00 6.177960698896984404e+00 6.606177824735642190e+00 7.911394434670608433e+00 2.373211543668400925e+00 6.994763694703579837e+00 -7.281338499142573362e+00 5.479106719189502428e+00 5.402532269214762373e+00 7.159172470935367016e+00 6.737762159771390813e+00 4.904777511110846255e+00 5.426637731930790132e+00 7.096123233437539035e+00
-7.118157093829294624e+00 -6.561763212466850348e+00 -6.188533247322649089e+00 -5.374337758658066733e+00 -4.154669013619423090e+00 -2.100873553814988526e+00 -7.488451280377125485e+00 -4.368819511185089155e+00 -1.408744874367346966e+01 -5.266864567678025466e+00 -3.318744414839250201e+00 -3.059391661123794126e+00 -4.132510587904187460e+00 -5.370917901677905171e+00 -8.101458786165011361e+00 -1.360765870660543442e+00
2.488022763678368054e-01 -1.648522228766711173e+00 -1.326620727374747677e+00 8.491340392040025442e-03 4.258108049631120218e-01 7.896440314749865186e-01 1.315596522255376044e+00 7.569904743383325529e-01 3.489163027359889035e+00 -1.108058297253670554e+00 1.716735817748923365e+00 9.126365916295479108e-01 -7.160309910774239617e-01 5.630072422747335326e-01 -2.347070041824790287e+00 -1.609340056777000427e+00
-4.990405863269847586e+00 -1.917550669266626651e+00 -7.709993530769601477e+00 -3.309283008834101203e+00 2.907182984054086816e+00 -5.463440325111186269e-01 -7.045312130993095501e-01 -3.650425818438347569e-01 5.607766188108003647e+00 4.482422597864825775e-01 -2.319234650710532808e+00 -1.636873472820627562e+00 -5.638673383659787319e+00 -2.667916439051897459e+00 -7.363293968579342597e+00 -3.286953270435333252e+00
1.073545602812121615e+03 1.433413875460982126e+03 1.163055008344873613e+03 8.953513595215782743e+02 1.628900824339414157e+03 1.253524961569453126e+03 9.962706563469427010e+02 1.141502266342844450e+03 1.363123693084611659e+03 1.523923696117561803e+03 8.123873630748033747e+02 1.338037530471620357e+03 1.048112454181720523e+03 9.772823143470220657e+02 1.264401019028099427e+03 1.782042707588053872e+03
4.942029587765957993e-02 6.961137820512820762e-02 6.105495143581081419e-02 3.256743808962265369e-02 8.176269531249999445e-02 5.409749348958333565e-02 4.392311789772726516e-02 4.305013020833332177e-02 7.113882211538462286e-02 7.566281582446808540e-02 2.481815732758621551e-02 6.619540127840908839e-02 3.570963541666667684e-02 3.301886792452832231e-02 6.907743566176470507e-02 1.018066406250000000e-01
