-1.151906255664247709e+02 -6.296168752908700128e+01 -3.710719698392426835e+02 -6.020350521489196183e+01 -6.787610567533049277e+01 -2.007048725801355999e+02 -1.466579310099283759e+02 -7.822180456864207088e+01 -6.786459256807957274e+01 -3.195451375057822361e+02 -3.894652252197265625e+02 -1.214897011348179348e+02 -2.229564946492512263e+02 -9.194846944808956835e+01 -2.771604141235351335e+02 -8.526513365250593779e+01
1.138515241218335632e+02 8.538175271352130835e+01 1.268757597116323552e+02 5.394183570460268839e+01 8.968395717327410921e+01 9.289239232680375835e+01 1.261737658182779853e+02 6.504975248637951779e+01 7.934755096435546307e+01 1.360059583563553645e+02 1.284710267384846816e+02 3.935543469020297636e+01 1.344712369706895458e+02 1.048246923446655217e+02 1.184413372039794865e+02 9.842296793491024687e+01
-4.630364954110346787e+01 -3.780525834560393861e+01 3.695174946234772051e+00 -4.152086579172235048e+01 -3.887420621285071576e+01 -5.426497655756332250e+01 -5.219292010201347409e+01 -3.866283286245245421e+01 -3.569623414675394457e+01 -2.154577556409333994e+01 2.142463395992914599e+01 -5.079199981689453125e+01 -3.744994191328684252e+01 -4.484490950107574037e+01 -3.789435836076736308e+01 -3.897810588305509327e+01
2.297149814710471816e+01 1.172407477299372403e+01 -9.949979032461470752e+00 1.089332250544899416e+01 1.509106910171416516e+01 -2.269253983217135229e+00 2.147033008436361712e+01 1.004983036298500210e+01 8.535754162073123652e+00 -1.027946634669054049e+01 -1.319064486026764982e+01 1.729093211037772093e+01 7.344817450477005849e+00 2.675401165485380872e+01 -4.815526783466417271e-01 1.898486629090730915e+01
-7.564624859528105816e+00 -5.976538840929666918e+00 8.024540009406898378e+00 -9.464229811179009744e+00 -8.631428170662655219e+00 -2.618186398814706095e+01 -8.186750567621650987e+00 -8.536756539031074453e+00 -6.202377779215261455e+00 9.023474337239028031e-01 2.624687721331915746e+00 -3.087303093501498896e+00 -5.085246280663543672e+00 -5.153632524516432056e+00 -1.130118349194526317e+01 -7.397090084945094901e+00
8.382724690166387660e+00 6.708641480902827858e+00 1.687307233076829149e+01 1.581540792866757172e+01 6.567475671951583216e+00 1.642880580004523949e+01 1.170601733360025776e+01 1.398398712747975559e+01 8.997463645040991054e+00 1.341118364585073408e+01 1.809263491630554554e+01 1.349082429068429079e+01 1.579418522781795886e+01 8.017147133406252735e+00 2.234449741840361980e+01 6.158104761869092059e+00
6.756368000850532241e+00 1.085269547502199750e+01 1.798793510290292375e+01 7.814355950606495682e+00 6.357766440854621059e+00 2.017974456618813406e+01 8.781536658604938594e+00 1.193895750296743330e+01 1.151716538270314416e+01 1.936432280038532383e+01 1.823622798919677734e+01 4.629898667335509366e+00 1.784501130051082640e+01 5.483899379521615991e+00 1.996499843597412038e+01 7.629560910070996016e+00
3.887766896323724630e+00 6.222020037968958306e+00 7.715108168812897738e+00 3.121803570734826394e+00 2.081970923222029590e+00 1.433595591783523915e+01 6.452764052483769497e+00 1.137720500168047799e+01 2.443324657777947717e+00 4.884790413473781179e+00 8.215259661277135805e+00 1.511143688644681760e+01 6.770360065831077634e+00 1.395722404121979565e-02 3.137122204899787103e+00 2.847762782126666892e+00
-6.823049403501279642e+00 -8.349620506167413581e+00 2.660510184673158918e+00 -7.893694187465468026e+00 -1.125334241298529392e+01 -2.336327081217485890e+00 -1.571433610386322677e+00 -1.055549982346986937e+01 -8.936430098116401766e+00 -1.541334629009823765e+00 1.719296952088674502e+00 9.109883138111660728e-01 -4.231653809547459844e-01 -9.566547426953917466e+00 -1.782106637954713690e+00 -9.243140809332272667e+00
-5.820164631713518055e+00 -6.092442592978475346e+00 2.801043031307369091e+00 1.857910134290396087e+00 -7.161197799902694783e+00 3.340278695611394788e+00 -3.269699098335373755e+00 -1.905782251765854696e+00 -4.521447192629178602e+00 2.225286842961063272e+00 9.641467829545327106e-01 -1.494508842059544307e+01 -4.181892992721661706e+00 -6.666366048157212454e+00 4.470095387101176598e+00 -7.760006328926811747e+00
8.320304552714044011e-01 -2.617264851927756375e+00 3.226205156399652996e-01 -1.211554382976732569e+01 -1.249945088647878233e+00 -9.267045154291027043e-01 1.642709417475595624e+00 -3.455905647654279989e+00 -4.420983985066400113e-01 -2.543744327990631771e+00 5.411043167114255592e-01 -3.636062771081924438e+00 -2.154369540512560466e+00 -3.747247533872706260e-01 -1.134960370659828044e+01 -3.507982689368572160e+00
1.578321800764763250e+00 -1.005062608917554057e+00 1.074848479949511271e+00 1.087650173588803115e+00 4.125609248876593860e-02 5.388303069507374587e+00 1.234149409665001862e+00 -4.769619201358994420e-01 5.988300144672396019e-01 -4.548176511337880257e-01 1.100659713149070962e+00 2.016777638026646358e+01 -1.303504953781763565e+00 1.529481883347034721e+00 -3.308530259132385076e+00 3.526389840282973531e-01
3.210604174570604652e+00 9.573037996888174028e-01 2.044037364996396988e+00 2.676960875329218226e+00 9.978768137785125614e-01 -4.165352414636050327e+00 1.817958950375517357e+00 -1.280008840619732080e+00 4.410546294351419760e+00 9.338418284529153013e-01 1.434029430150985274e+00 -1.235771465301513672e+01 6.422001499268741753e+00 4.635142975300547974e+00 2.786431576311587666e+00 3.810098365515094621e+00
1.805141104701854829e+03 2.300641771409308603e+03 1.075079368049478944e+03 2.952793316011233856e+03 2.182571843077121684e+03 1.979868416654073144e+03 1.638318875727478144e+03 2.708428944528488046e+03 2.455879175355797543e+03 1.250168814131443924e+03 8.728437014431124226e+02 3.303704663030076517e+03 1.432693188130759609e+03 1.937149045972488921e+03 1.609755152879096840e+03 2.058083143381966693e+03
1.113947088068181768e-01 1.304524739583333148e-01 4.685621995192310041e-02 1.581260279605262997e-01 1.221360426682692180e-01 1.148897058823529355e-01 1.019829644097222099e-01 1.457262541118420907e-01 1.341227213541666685e-01 7.398745888157895467e-02 3.149414062500000000e-02 2.241908482142856984e-01 9.128146701388888118e-02 1.203918457031249861e-01 9.394531249999998890e-02 1.256428006329113889e-01
