-3.673387166341145758e+02 -1.987132827095363723e+02 -2.212376848856608547e+02 -2.081615982055664062e+02 -2.188780426025390682e+02 -2.105198270196784165e+02 -2.349761338233948038e+02 -1.831777184804280694e+02 -2.033883887795840906e+02 -1.592692840839254131e+02 -1.782532599312918649e+02 -2.020827255249023438e+02 -2.301624810560694527e+02 -2.162079150487506354e+02 -1.926576894124349053e+02 -3.585086780894886829e+02
1.213027526855468921e+02 1.390891916855521799e+02 1.506969969007703867e+02 7.864350128173828125e+01 1.006757278442382812e+02 1.660850995207486278e+02 1.834989743232727335e+02 1.219947903951009209e+02 1.583088019875919201e+02 1.478548385357034647e+02 1.304831316811697945e+02 6.980403900146484375e+01 1.763357944128648285e+02 1.693880053323412653e+02 8.731650797526042140e+01 1.550076418789950310e+02
8.622034782171255074e+00 -4.924149883311730491e+01 -4.206199140018885885e+01 3.021540713310241699e+01 1.658182134628296467e+01 -3.285861758989830150e+01 -1.198136937804519064e+01 -5.674059565862019383e+01 -3.983342390621409379e+01 -5.528687611941634827e+01 -5.881711733766967143e+01 3.429908376932144165e+01 -2.178656138339131587e+01 -2.848730012348718788e+01 1.978684949874877219e+01 3.462149966846813243e+01
2.299078089396158830e+01 2.184294019704279677e+01 1.696657800757222745e+01 -2.254189872741698863e+01 4.494280815124511719e+00 2.147910883696112094e+01 2.522685285285115597e+01 2.178506658474604407e+01 1.782507088149294816e+01 1.864651227819508605e+01 2.321834037559372987e+01 -2.517552852630614879e+01 2.283629689126644635e+01 2.392599899049789514e+01 -1.026868502298990649e+01 1.435416134920987297e+01
1.434184767405191963e+01 -6.717039048671719748e+00 -7.610670287162061953e+00 -6.364356279373168945e-01 1.257234821319580220e+01 -8.981200627268176362e+00 -5.377698247320950031e+00 2.833542962869011639e+00 -1.128277695739970099e+01 -1.027116789386189843e+01 1.957026995718482709e+00 -6.748886108398437500e+00 -5.902405929734121592e+00 -8.145363076338689723e+00 9.227313200632725199e-01 7.301073182712904064e+00
1.821691951652361752e+00 -2.440003658377606399e+01 -2.235069679220517713e+01 -6.925754785537719727e+00 -1.079499528408050502e+01 -2.118961465848635228e+01 -1.801032850146293285e+01 -2.436534647643565776e+01 -2.319836016542771873e+01 -2.397724181619184236e+01 -2.198851117065974492e+01 -7.197916507720947266e+00 -1.824303199210256565e+01 -2.001698549210079037e+01 -5.932502110799154238e+00 -6.867513930255716659e+00
1.179202276865641252e+01 8.858344597984908475e+00 1.061392555841140783e+01 9.847640991210937500e-03 -4.326710069179535267e+00 8.786473678399437048e+00 7.606875620782375336e+00 3.375306973854699244e+00 1.068668983999420163e+01 7.445247627537823654e+00 2.449481144015273060e+00 2.603209018707275391e+00 6.420117464549135455e+00 7.451554124317469885e+00 -2.510664939880371094e+00 1.054125170274214263e+01
1.444416530927023379e+00 4.593778683601505541e+00 2.378142539825702340e+00 2.385611057281494141e+00 -4.561249017715456877e-01 -1.550210608603202367e+00 -3.814119361340998715e+00 2.292843602597714359e+00 4.591432107722066558e-01 -2.691310273676082332e+00 -2.424499605383101386e-02 -3.517117500305178557e-01 -3.765193552341099981e+00 -2.256595177309852929e+00 4.399651288986207165e-01 1.103065703131935926e+01
7.813616474469498030e-01 -2.318187326711156970e+01 -2.044432334436310583e+01 -1.785723876953125000e+01 -7.688507121801375632e+00 -1.961692572415691416e+01 -1.069316509366035284e+01 -2.218000042438507080e+01 -2.297156903533374361e+01 -3.162838756627051495e+01 -2.239642171348844002e+01 -1.603473478555679321e+01 -1.329463599537903207e+01 -1.550056491106275303e+01 -1.140692528088887592e+01 -7.432407912882890599e+00
1.406809624036152950e+00 5.994844760583362131e-02 -9.203376687235341747e-01 -1.235628652572631836e+01 4.831475692987441839e+00 -6.532400919966510067e-01 -2.834670716896653175e+00 4.085819895068799390e+00 -3.632062530517581322e+00 -6.596905560329043183e+00 6.832785606384250698e-01 -1.322875499725341797e+01 -4.414331187617106522e+00 -2.254826282224958067e+00 -1.119255622227986713e+01 -1.328634175387295890e+00
-6.028232789039612349e+00 5.679089265025196731e-01 -7.706874948408852788e-01 -9.149859547615051270e+00 -1.137022528648376607e+01 -3.340745457231180993e+00 -8.266044874675570142e+00 1.136502568920454870e+00 -1.178903417026294864e+00 5.126208586939443812e+00 3.568915075489464961e-01 -1.222361850738525391e+01 -7.275372301632502037e+00 -7.190867150113695594e+00 -1.023062165578206617e+01 1.997289847243916228e+00
-1.559930956363677623e+00 -1.410965526233548850e+01 -1.287875922272602836e+01 2.066475659608840942e+00 -1.086260023117065465e+01 -1.116545887107718471e+01 -8.570610187947748315e+00 -1.375523218512534740e+01 -1.267469793487998153e+01 -1.591540953208653519e+00 -1.200951373789991905e+01 2.778104066848754883e+00 -7.977318154191070931e+00 -1.168733848465813452e+01 -1.870541890462240175e+00 -6.606125761162150667e+00
-1.033628606796264560e+00 3.969297374841644022e+00 1.610933043890528271e+00 -3.123490452766417569e+00 -1.710790691375732564e+01 -1.939794460388081454e+00 -3.619735534302892077e+00 4.757138397544620645e+00 -5.108808973256291353e-01 1.284482447648872849e+01 5.594629868865014011e+00 -1.877991080284118652e+00 -1.276315473722963389e+00 -2.985002460460812301e+00 -6.892415682474772431e+00 2.415825411677360535e+00
1.055287858968290266e+03 1.522431122439576484e+03 1.398324203817825037e+03 3.012856680250717091e+03 2.056034219709940317e+03 1.208437589854910811e+03 8.839430638159403770e+02 1.775657116162216198e+03 1.304947631815865634e+03 1.424301655088213693e+03 1.631712705620226643e+03 3.516859295878156445e+03 1.022547836505030205e+03 1.121655307798471767e+03 2.556372722148468256e+03 7.620254424883758020e+02
3.118489583333332316e-02 8.626655910326082310e-02 8.077663845486109107e-02 1.142578125000000000e-01 6.259765624999999445e-02 6.553001926369862729e-02 4.273986816406247224e-02 9.767659505208331483e-02 7.439108455882352533e-02 8.927970096982756898e-02 8.999197823660712303e-02 1.032714843750000000e-01 5.222766804245279615e-02 5.875651041666664354e-02 8.072916666666667129e-02 2.761008522727272790e-02
