-1.269810104370117188e+02 -3.227676481359143850e+02 -1.855981216430663494e+02 -1.369830442156110450e+02 -2.303949539184570199e+02 -3.245916854194971961e+02 -3.207691756914245502e+02 -1.779980731832569347e+02 -1.234869389533996582e+02 -2.110773735046386719e+02 -3.003465771145290546e+02 -3.253423946320063465e+02 -1.508209991455076988e+02 -3.189361771174837941e+02 -1.983998158772786269e+02 -1.365410110473632699e+02
9.270543416341145360e+01 1.749981256821576210e+02 1.284001359378590337e+02 1.129450966971261181e+02 1.441676055908203011e+02 1.833247368854025012e+02 1.817406106624963229e+02 1.188328220762055594e+02 9.910733318328857422e+01 1.378445119857788086e+02 1.615643903944227304e+02 1.691516752697172592e+02 1.182064193199420856e+02 1.788842562266758591e+02 1.344924659729003906e+02 1.051850967407226562e+02
-4.379749043782552320e+01 5.914025680983971966e-01 -4.712063239602482412e+01 -3.885635076250347453e+01 -4.232167587280272869e+01 1.261086616481557421e+01 7.601525457962468479e+00 -4.606432881848563454e+01 -3.747080647945402632e+01 -4.119048404693602095e+01 -1.707884499761793506e+01 -4.573687721812387252e-01 -4.419273376464841618e+01 3.555285379290555881e+00 -4.238643296559649798e+01 -3.862872085571289205e+01
3.090731112162271899e+01 6.734684860706318332e+00 3.914224271213306139e+01 3.982425635201589387e+01 3.823266029357910156e+01 1.019796763468478851e+01 8.314014225635876443e+00 3.890955622442837125e+01 3.385618114471434836e+01 4.191253813107807957e+01 1.596019179953469092e+01 9.356680288201276952e+00 3.944041311329807797e+01 7.559382841390146268e+00 4.064791790644326852e+01 3.714312801361083416e+01
-1.866025606791178504e+01 -2.073897057771686647e+00 -1.457679372675278984e+01 -1.542187465940202884e+01 -8.507313227653503063e+00 2.347616139529401735e+00 -3.015524448370099364e-01 -1.603540305433602597e+01 -1.432658046483993530e+01 -1.148217630386352894e+01 -2.731341653400001235e-01 -1.889795872900222218e+00 -1.597661524805529965e+01 -1.547752854447550508e+00 -1.020179431637128431e+01 -1.375839779376983429e+01
4.658170978228250547e+00 -1.642889961074374128e+00 8.983886194579739026e+00 7.421857318707875351e+00 7.140784549713135476e+00 -3.309411447549233110e-01 -1.632312384135313099e+00 1.113946687764134857e+01 5.517793685197831088e+00 8.655257826050119618e+00 4.525177422497007385e+00 -3.149657090978048579e-01 8.354980957919151408e+00 -2.179508326442101573e+00 9.577166453003881585e+00 6.902909594774246926e+00
-7.861246903737385772e+00 -4.483497078979715056e+00 -4.731027286718873626e+00 -8.040145346096583268e+00 4.332435727119454683e-01 -5.304038997145665846e+00 -5.256439726870013374e+00 -4.717632277258512197e+00 -1.035869103670120062e+01 -2.290705308318137678e+00 1.160374606649082097e+00 -2.790820483650478856e+00 -6.322289128755700816e+00 -4.721726321881369870e+00 -2.740217669246096222e+00 -8.985828757286071777e+00
5.290085713068643614e+00 1.496550047748228529e+00 2.446622016675332301e+00 4.941706470080784896e+00 2.341005064547062364e+00 1.930632808502169562e+00 1.334607161440939826e+00 5.698570058263584315e+00 2.087037791498005390e+00 3.284361126522223451e+00 7.511677998635506448e-01 3.214948578072446050e+00 2.757469201910085044e+00 1.820283362908021285e+00 2.033705915013949816e+00 3.154635378718376515e+00
-9.906027158101400332e+00 -2.111171850386788229e+00 -7.838088167940869155e+00 -9.405173182487487793e+00 -2.088110411167145131e+00 -2.096106045272039697e+00 -2.094935811353180188e+00 -5.579967835853840263e+00 -1.083356715738773346e+01 -4.671763338148593903e+00 -1.507183455758625001e+00 -4.265093145862461910e-01 -1.088482329352148703e+01 -2.604872831808669353e+00 -5.844486688574155764e+00 -9.114771914482117765e+00
3.262722094853718779e+00 4.595199705923303846e+00 8.288561661453805129e+00 2.720455237797328341e+00 6.723919807374477031e+00 4.611941081890161165e+00 4.636910811347779493e+00 9.805010244764133631e+00 3.151330245658755302e+00 6.187944253285725615e+00 7.972921722465090788e+00 3.888562655165079818e+00 6.344035826880356055e+00 4.151303760574330148e+00 7.462740267316497977e+00 4.083918356895447133e+00
-6.709920088450113340e+00 -5.230950944563925731e-01 -3.819653994896833105e+00 -9.555535324982233902e+00 -7.600209951400765940e-01 -4.938276924084925579e-01 -1.134405611258590962e-01 -2.447836559394310996e+00 -8.084110915660858154e+00 -4.100801696379980044e+00 3.616942789819505677e+00 -1.093273742804452109e+00 -5.539660381859746074e+00 -2.932403981685598460e-01 -6.356137424707410943e+00 -9.829881620407103782e+00
5.977577447891234463e+00 2.094919999907998154e+00 1.811140603878917954e+00 2.158227307455884425e-01 2.337174820899963645e+00 1.875455294614252866e+00 1.694635121327525029e+00 2.566672756754118989e+00 2.395106934942305532e+00 2.116213197509448030e+00 3.726250582271152467e+00 2.965678499331549922e+00 1.872374394844318779e+00 2.096344026337776167e+00 -7.235898772875468676e-01 -5.390203595161435768e-01
-3.398067474365233931e+00 -4.379187245929943018e+00 -3.561089144910082549e+00 -8.349144245897015537e-01 -2.980136227607726784e+00 -5.131788349669914595e+00 -5.712051426464661574e+00 -3.542836118874878704e+00 -3.469255343079566511e+00 -1.140755874415244620e-01 -2.835469269090228117e+00 -3.469837676911126767e+00 -1.024234056472778320e+00 -3.963117240795069662e+00 -3.418300405144691023e+00 -2.195056247711181463e+00
2.318414175911134407e+03 8.997095814532029863e+02 1.667191112549924583e+03 1.963851484576936400e+03 1.378385745860078487e+03 7.627727583237711997e+02 8.155572280995412484e+02 1.751222621203214430e+03 2.191162748166075289e+03 1.490853576277953380e+03 1.050210210535715078e+03 9.512863052668475348e+02 1.858894846140899062e+03 8.604445108893664838e+02 1.575478190803991538e+03 2.080460479734601449e+03
1.389973958333333148e-01 4.445657169117643581e-02 1.035730698529411381e-01 1.190011160714285476e-01 7.700195312499999445e-02 3.761888586956517455e-02 4.136571344339617928e-02 1.090214170258620441e-01 1.329650878906249722e-01 8.357747395833332871e-02 5.829535590277777624e-02 4.684399801587299517e-02 1.128603178879309943e-01 4.319545200892852682e-02 9.452311197916665741e-02 1.294921874999999944e-01
