-1.427640248707363071e+02 -2.044754849137931103e+02 -1.672788121150090035e+02 -1.889367903732671721e+02 -1.573632946672110506e+02 -1.329792378743489678e+02 -2.197421657307943121e+02 -1.872951024373372491e+02 -1.675311822157639483e+02 -1.374704631805419695e+02 -2.633593686421712050e+02 -1.691226558685302450e+02 -1.525170440673828125e+02 -1.738449968610491112e+02 -1.374503794702990263e+02 -1.735255545850070007e+02
8.462283515930174360e+01 1.243934238477685312e+02 5.639988943246693509e+01 1.105444319190048361e+02 7.156622261836608345e+01 2.282901573181152344e+01 1.330724243164062557e+02 1.138805565388997252e+02 9.200848638094387866e+01 6.054194927215574751e+01 1.403656298319498603e+02 9.718866465641902153e+01 1.719202423095703125e+01 4.757903725760323965e+01 7.550336009058457876e+01 1.038580984439490038e+02
-5.972008730151838307e+00 -3.101194881022661320e+01 5.637910482975147630e+00 -2.373655378091626034e+01 6.727423339053117957e-02 -5.554347117741903261e+00 -2.767540791829427604e+01 -2.610776501019796569e+01 -9.602571425529639271e+00 3.526222610473620733e+00 -1.660189795494079590e+01 -1.578168880710234845e+01 3.997132110595703125e+01 1.676091766357421875e+01 -2.965013462921671561e+00 -1.913443037867546082e+01
3.707889366149902344e+01 3.996416412002739094e+01 2.963065180411705057e+01 3.681146333275771809e+01 3.448638988363331492e+01 3.412291208902994555e+01 3.887612948099771870e+01 4.046182108561198021e+01 3.662853534405048350e+01 3.462088251113891602e+01 4.739542261759439867e+01 3.481823007877056142e+01 1.533769130706787109e+01 2.442294188908167740e+01 3.967139138846561508e+01 3.703508891699448924e+01
3.877771715500523797e+00 -1.606378783782321129e+00 6.177670035224694267e+00 -2.553412250629282010e+00 3.205265517892509131e+00 -8.181522051493328007e+00 -3.024067095915494718e-01 3.622288944721220982e+00 1.242602261213155757e+00 -2.982016029953956870e+00 3.439476231733957334e+00 -8.582394581574696035e-01 -3.172808647155761719e+00 3.156330789838518225e+00 3.217775749749150371e+00 -1.424233980336282901e+00
9.099299835307254725e+00 5.970836137046759085e+00 1.219292246378385158e+01 5.297847875007768437e+00 1.102680136417520274e+01 1.485849189758300781e+01 7.479132359822590281e+00 6.714878957271574578e+00 7.784161800375350992e+00 1.397595713138580109e+01 5.615489383538562862e+00 6.763972855531251938e+00 2.103408432006835938e+01 1.275759635652814517e+01 1.424699243594859865e+01 5.202495946074431998e+00
5.102079486740487724e+00 1.507893032589176840e+01 5.081748742323656920e+00 1.278234259239057380e+01 5.047232249687459316e+00 4.503029425938923858e+00 1.556542008558908385e+01 1.233052893320719612e+01 7.653416329278396546e+00 6.005268932878973231e+00 1.199194652338822742e+01 9.443348867961994131e+00 7.201229095458984375e+00 2.774737749780928908e+00 4.170726428771843075e+00 8.227684330265477186e+00
8.521883950701781174e+00 6.061582888337385455e+00 1.026963146833272944e+01 7.516619738645669457e+00 1.064602630097290614e+01 8.838059425354003906e+00 6.682444450855255624e+00 7.659446323712666427e+00 7.308298767615968750e+00 1.233796551227569616e+01 1.186307994524637799e+01 6.258052262405938926e+00 1.387237834930419922e+01 1.144120134626115970e+01 1.192808086091074671e+01 6.205345486694913149e+00
-4.461633908429316620e+00 -5.764837235554884920e+00 -4.713884958854088758e+00 -5.143165192952971587e+00 -4.753757822102513408e+00 -7.311838150024414062e+00 -6.803004167874651564e+00 -2.669641211827595395e+00 -5.066420347644732480e+00 -6.742703181505206089e+00 -2.407184243202298290e-02 -5.075690632829299886e+00 -5.345447659492492676e-01 -5.670728010790688778e+00 -4.406888626772781592e+00 -5.603331535492305449e+00
5.128177506583077694e+00 6.871174123437920223e+00 7.161326995262733419e+00 7.681448679144786240e+00 5.698261304148312334e+00 5.718192656834919951e+00 7.678595668474828884e+00 8.113795667092000841e+00 3.807802776018010427e+00 4.665815976262093656e+00 2.064345677693690817e-01 4.263309149501415263e+00 9.168352127075195312e+00 1.120068149907248412e+01 5.293834770547933388e+00 5.001731112318219097e+00
6.515980493809497176e+00 6.366411882570416125e+00 1.500268310308457309e+00 4.576424599239012458e+00 3.432617283072965098e+00 -1.188688675562541874e+00 8.768323686122897698e+00 6.350546809832251505e+00 4.803241115923110982e+00 4.702271729707717007e+00 4.392065584659576416e+00 5.107420015507019073e+00 -7.233459472656250888e+00 2.876944167273384867e+00 5.636948749936859571e+00 5.015328028292026730e+00
3.474474494478533515e+00 1.715392519002673755e+00 3.417889209894033442e+00 3.685761390299342466e-01 5.861856896301800290e-01 4.569782972335815430e+00 3.470932503938675584e+00 3.126852697531382397e+00 2.190693260958561872e+00 6.543781244754791615e+00 6.837525606155395508e+00 1.392156744232545318e+00 9.277231693267822266e-01 3.452264053480964989e+00 3.346562860340907886e+00 1.261044547805247440e+00
4.749122490840297917e-01 9.420554973613252114e-01 3.434339683789473963e+00 3.168466525470335915e-01 9.628324745030238940e-01 -1.087678074836729847e-01 1.519155095020930712e+00 1.302287982304890956e+00 -9.640537586349705590e-01 3.749018496274947765e+00 8.203901271025339170e+00 -1.920303570536463500e+00 1.003109169006347656e+01 3.130892430033001883e+00 -1.263152476014763437e+00 8.330110783846869094e-01
2.320585829604821811e+03 1.598107894208762218e+03 3.213921528250599295e+03 1.837822440766214413e+03 2.692202637140856041e+03 3.975047991419305617e+03 1.439323333492566007e+03 1.725382624814340488e+03 2.165750131870997393e+03 2.919647554196992132e+03 1.182711971449359680e+03 2.067534143720844440e+03 5.112568525420906553e+03 3.630253268766104611e+03 2.496571765666359170e+03 1.958371976503769019e+03
1.032366071428571508e-01 8.187410201149422639e-02 1.559495192307692457e-01 9.149914253048782586e-02 1.209253771551724310e-01 2.988281250000000000e-01 6.967447916666663632e-02 8.218098958333334980e-02 1.001164362980769273e-01 1.272705078124999889e-01 4.146321614583334259e-02 9.794734074519230449e-02 2.451171875000000000e-01 1.624581473214285476e-01 1.154027478448275967e-01 9.292084316037736713e-02
