-1.463989203192970479e+02 -2.447081713676452637e+02 -1.339512847264607558e+02 -1.844834918975829794e+02 -1.191370506286620667e+02 -2.059198726438125959e+02 -1.513210502786839129e+02 -1.685426286969866112e+02 -1.883874094826834380e+02 -2.294578517913818132e+02 -1.495374766605000616e+02 -1.222858379908970363e+02 -1.581473887307303130e+02 -2.983175086975097656e+02 -1.332550252278645928e+02 -1.316950045046598916e+02
9.140122639049182851e+01 1.414810338020324423e+02 3.761375864346819498e+01 1.069724600050184620e+02 5.937559732576693960e+01 1.244468688964843466e+02 6.397043382360577368e+01 2.104673760277884753e+01 1.181616531099591754e+02 1.338703594207763388e+02 7.204973140232996798e+01 4.903775051661900619e+01 1.000149540219988182e+02 1.449548301696777344e+02 2.812691005071005179e+01 8.566713073288185853e+01
-7.072185615246926460e+00 3.171847234293819184e+01 1.027215365320444107e+01 1.462822556495662063e-01 -2.426765497137861161e+01 1.398461736260722077e+01 -7.998652643345748103e+00 3.037200205666677988e+01 1.761247324092046984e+00 1.967263305038216004e+01 -2.893749053251580605e+01 9.172095724514552018e+00 -4.657833367320047824e-01 4.232020759582519531e+01 1.394399103522300720e+01 -2.204003393650060616e+01
3.209843339703299847e+01 2.465250787883997319e+01 3.466751710077127058e+01 2.803360522290070023e+01 2.515820088764516527e+01 2.210330873840260324e+01 3.261946704539846564e+01 4.246254103524344004e+01 2.574832822169576829e+01 2.218354546930641291e+01 2.957702825103007882e+01 3.319071524483817370e+01 2.909040262656552756e+01 3.160409808158874512e+01 3.806968609491984523e+01 2.465970125923986700e+01
-3.667606088925492447e+00 7.030882461694998753e+00 -5.394504535322388605e+00 -6.425829906430513105e+00 -5.279598610430232597e+00 -3.268512915890173343e+00 -2.076475367901174707e+00 4.528064504265783441e+00 -3.503751120130931263e+00 2.911240579932925510e+00 -4.266202819179483186e+00 -1.929305830172130420e+00 -8.330652531768597768e+00 1.199983215332031072e+01 -6.710104465484619141e+00 -5.976401280233826441e+00
1.458898116783662502e+01 1.126905141025781809e+01 1.319813896715641199e+01 1.310781349924703498e+01 1.650844312004926806e+01 9.492969074339237423e+00 1.273077330754158432e+01 7.544631247009550457e+00 1.080230790908847638e+01 1.161773957908153676e+01 1.673520620775893875e+01 9.058929626430785476e+00 1.228659056127071381e+01 1.366453285515308380e+01 9.481321727236112551e+00 1.240729642950970302e+01
1.259261682629586376e+00 3.356359929777681828e+00 6.150222208350898612e+00 1.202062160604531860e+00 3.912316719933255804e+00 2.536593258380891225e+00 4.840803552181165870e+00 6.532073702130999138e+00 1.954109054590976946e+00 5.637347676232460358e+00 4.704491364074427473e+00 4.855894953012466431e+00 -2.475703261792667309e+00 1.370739527046680628e+01 5.528878338634967804e+00 3.146981927147811664e+00
5.549817814068361166e+00 4.258495969697833061e+00 1.046150925631324569e+01 1.080959786971469327e-01 1.180700427802598362e+01 1.824482184536133644e-01 1.118784266329827304e+01 1.061181674684797116e+01 -5.758095426218101665e-02 3.463475406542420476e+00 1.203971373699080516e+01 8.483326831034251114e+00 -1.600426052430903745e+00 1.196759584546089172e+01 1.110950879255930701e+01 9.271606088116559619e+00
1.501791219819667011e-01 -2.821031671948731390e+00 5.364224566767611613e+00 -3.576148340685501914e+00 3.137560172051915952e+00 -7.081104915097077068e+00 2.109158203956924105e+00 6.213033471788678597e+00 -5.410143952284543367e+00 -3.643476170231588540e+00 3.695069020272975013e+00 1.004404808793745163e-01 -4.013484230531113361e+00 -3.463967394083738771e+00 3.124755278229712996e+00 1.667720786471293515e+00
4.117067119614644000e+00 3.108903242275121048e+00 5.180408696333566709e+00 3.122431702084012883e+00 7.486717683512984500e+00 2.128787288125910671e-01 4.212242619788393760e+00 -1.508474435125082280e-01 1.248583932008058728e+00 5.420663131028415016e+00 6.630557160562185359e+00 1.227229629244122933e+00 5.968392619064877280e-01 5.194184571504592896e+00 8.427125841379167426e+00 4.939870874087015196e+00
7.239453548734826605e-01 -3.476918881759048396e+00 -5.271520217259720864e-01 -3.212595148632924058e+00 2.160430427731536707e+00 -5.313559649687893405e+00 2.688604878618354732e-01 -3.409689835139682490e+00 -4.555254022723863372e+00 -5.194728882610798237e+00 2.023211186200799094e+00 -1.411296078136988763e+00 -1.158582898122924032e+00 -3.258964575827121291e+00 3.765102421243985642e+00 3.473196483176679283e-01
6.402532524683260284e+00 1.102588901296261081e+00 3.665391584237417177e+00 6.771973549491828948e+00 3.997943884715801754e+00 4.189241265350919008e+00 6.607913292310341191e+00 -1.765356532164982895e+00 5.083466208406859366e+00 3.382250897586329685e-01 6.554651829558361342e+00 3.888345301151275635e+00 7.682019129395484036e+00 1.615510925650596619e+00 4.355103651682536103e+00 5.246446773841761058e+00
-1.935612685978411296e+00 -4.412059366703030783e+00 -2.986178795496619576e-01 9.406444115771213088e-01 4.509253327439373404e-02 1.418407378331672630e+00 9.728107997711703536e-01 -8.549011843545095246e+00 1.891774662903378923e+00 -4.509852250665424833e+00 1.164209365424978770e+00 2.047064900398258280e-01 1.198882565966675529e+00 -4.869100883603096008e+00 -2.817931388815243743e+00 5.316511500572825843e-01
2.139878719671728049e+03 1.041748533404880618e+03 3.606372509834726770e+03 1.759712988105676686e+03 2.923022778482631111e+03 1.410903901965838941e+03 2.706553827765894312e+03 4.275031783489184818e+03 1.577683974941417091e+03 1.217789336934058610e+03 2.520540463428584189e+03 3.308513613445410101e+03 1.958429488497223247e+03 7.895655649982172690e+02 3.937423390141720120e+03 2.310493040908540024e+03
9.155273437500000000e-02 3.295898437500000000e-02 1.899820963541666852e-01 6.491427951388890893e-02 1.638362233231708265e-01 5.329635908018870438e-02 1.210625831117021212e-01 2.462332589285713969e-01 5.821010044642858233e-02 3.945312500000003331e-02 1.348343970070423614e-01 1.665039062500000000e-01 8.048793247767856152e-02 2.081298828125000000e-02 2.392171223958333148e-01 1.192750792572463692e-01
