-2.262365729865125275e+02 -5.063423700442258450e+02 -2.704908682446961166e+02 -3.542536926269531250e+02 -2.092794886408625530e+02 -2.016066527495512162e+02 -2.643632738707495378e+02 -2.923298847198486214e+02 -2.553774703119842115e+02 -2.568432998657226562e+02 -3.375361633300781250e+02 -2.053381890190970012e+02 -2.835594396000414577e+02 -4.540421888563365087e+02 -3.363053131103515625e+02 -2.286514863829680166e+02
8.557328490009463451e+01 1.242754295612204061e+02 1.124332106004067384e+02 7.923975467681884766e+00 5.466425055426523727e+01 7.187502391918290812e+01 1.053857052912477599e+02 1.378668270111084553e+02 9.814481504198529649e+01 4.427172355651855185e+01 -1.885890769958496094e+01 7.990383378286216498e+01 1.222398376464844034e+02 1.581608013576931171e+02 1.661038403511047932e+02 9.283492887192880971e+01
-1.501373671617094274e+01 -2.176949450341325587e-02 3.139158930253715951e-01 5.159379386901855469e+01 2.124900302371353078e-01 -9.534091324419588176e+00 -4.024522073688867607e-01 -9.870574474334706139e+00 -6.393677355118206229e+00 3.442100090980530069e+01 6.511104456583659328e+01 -1.150872947181027683e+01 -1.785773029105837129e+00 1.527047950724762160e+01 -2.764488928019999392e+01 -1.592477451243260589e+01
2.704583620755222384e+01 2.411871021506222235e-01 2.964056938996010615e+01 -1.408003300428390503e+00 2.271253174382287199e+01 2.558147549790304964e+01 2.847538927295170197e+01 2.525967430882156251e+01 2.857915570366552416e+01 8.655339089035987143e+00 -3.466308712959289551e-01 2.647305905629718126e+01 2.996172465238952753e+01 1.644534637133282473e+01 2.883095188438892365e+01 2.806881519191076535e+01
1.794413672657466208e+00 1.960107382686608890e-01 -7.728221653661601076e-01 3.336103618144988570e+00 -7.971428692340852606e+00 -7.629115241604891295e+00 -9.980842578606534676e-01 -5.058237450197340834e+00 -2.231890809368082706e+00 4.348646473884581809e+00 -1.273236254851023430e+00 -3.991601135049550386e+00 -2.932084317624040537e+00 6.548240610957158481e+00 -4.259361524134873456e+00 -1.668838196258614293e+00
4.208621516354444481e+00 3.160637762697424691e-01 8.101584324049293073e+00 2.614805698394775391e+00 1.159158855837744539e+01 1.026735342112747418e+01 7.089274730838710070e+00 8.334899055212733998e+00 5.282177699913439106e+00 1.047941489219665456e+01 6.148059765497843721e+00 9.116130033892300588e+00 7.759044741107304688e+00 8.271204161147363010e-01 6.656131368130445480e+00 5.660063166117319966e+00
-1.100381363916589583e+00 3.625425116769195100e+00 1.570833832298938582e+00 8.584063529968261719e+00 2.720876205611871157e+00 -2.477783785881227274e+00 -3.421310442881513314e-01 1.476559117063874771e+00 -1.001278309440112757e+00 2.600754565000533702e+00 7.683156331380208037e+00 2.171594119734192307e-01 1.331709867557587579e+00 2.571093341045907366e+00 -8.790517342276862323e-01 -3.336505628582401295e-01
5.194336571444677197e+00 1.804653661004426723e+01 1.101203811824869305e+01 9.715057134628295898e+00 2.853566456485437719e+00 2.803310471964449491e+00 9.442529763721056568e+00 1.049766191691161410e+01 7.253204064889692049e+00 1.274403157234191752e+01 1.409683259328206262e+01 2.638987356471639067e+00 1.112377310115679663e+01 1.077964415947595889e+01 -5.922173742204900115e+00 4.621874497636511592e+00
-1.823472906285390494e-01 1.416404884162989930e+01 3.279955012535823444e-01 3.439633369445800781e+00 -1.602923293371459001e+00 -1.893496924155467775e+00 -6.663741934128477595e-01 -1.399221069738265877e+00 2.520488234053188670e-01 -7.802038514614106468e+00 7.877541383107503847e+00 2.423204055854177863e-02 -3.422114545792611651e-01 4.868328094813560547e+00 2.797665169462560719e+00 -2.597114603588552839e-01
3.321315561457884868e+00 1.778339611798865860e+01 5.302917648619468238e+00 9.421452999114990234e+00 7.387450901237695433e+00 1.882309418096134390e+00 5.414260632190548428e+00 3.978538513556124645e+00 5.722701996774742561e+00 7.096596038341523638e+00 1.627407201131184777e+01 1.826679049739765137e+00 4.429793934906481212e+00 9.778392261928985363e+00 4.171693423762921071e+00 3.510861999314766280e+00
-2.074685428320896197e+00 2.902802129757817262e+00 -2.807753193405788661e+00 -6.399881124496459961e+00 1.180640990669663770e+00 -3.384143685166901783e+00 -3.373450340794735602e+00 -2.596667813695968885e+00 -2.820962234308391992e+00 -2.414386069774627330e+00 -6.604899088541666963e+00 -1.963419223352083520e+00 -3.733186661010301499e+00 2.936321411861324115e+00 6.995391558855768466e+00 -2.950933612991073485e+00
2.270352805693313769e+00 5.315669438962274285e+00 2.842941952407907813e+00 5.241005897521972656e+00 3.523494607693439473e+00 7.327912274647396806e-01 1.346030908163454720e+00 2.769430799037218449e+00 7.210309523302016466e-01 1.405289769172668457e+00 7.854091326395670869e+00 3.690338954329488885e+00 1.841543045521309319e+00 5.138607593708561794e+00 7.551955036818979394e+00 2.100015960309811192e+00
-5.302655015404770467e+00 -1.100772344243937084e+01 -3.013934600107159856e+00 -1.821078491210937500e+01 -7.430648975678392887e+00 -6.196029116173049189e+00 -4.372637296309237698e+00 -3.366284408047786947e+00 -5.654989035406583930e+00 -5.472852134704590199e+00 -1.606529744466145715e+01 -4.657379597425461704e+00 -2.874646654434951820e+00 -1.229208377997079538e+01 -1.508667166158556761e+01 -5.381447167392227726e+00
2.347822238677644691e+03 8.279140954082774897e+02 1.665193576687318227e+03 5.238067616243526572e+03 3.190611410917219928e+03 2.756963909424815029e+03 1.842114515045704820e+03 1.307474675956141709e+03 2.024131497669408191e+03 3.863349623673091628e+03 6.258046373541552384e+03 2.536685709503461567e+03 1.478303589945935300e+03 7.199276747681012694e+02 1.003735580420781048e+03 2.184554263392683424e+03
1.055687130905511306e-01 8.326672684688674053e-17 5.317785980504587812e-02 1.083984375000000000e-01 1.558277027027026862e-01 1.254025021114864580e-01 6.203573258196722062e-02 4.700927734375000278e-02 7.879552706866195522e-02 1.251464843749999778e-01 1.767578125000000000e-01 1.167069692460317720e-01 4.572559457964596452e-02 1.510416666666668239e-02 5.085754394531248612e-02 9.755717844202894951e-02
