-1.773130732449618279e+02 -1.744877998783903195e+02 -9.799575996398925781e+01 -1.773977127075195312e+02 -1.163829523584116572e+02 -2.259037818908691406e+02 -2.636142018636068087e+02 -1.377432237990359170e+02 -1.646107367379324842e+02 -1.603733095441545800e+02 -1.304112730026244833e+02 -2.687973632812500000e+02 -1.420216561341896977e+02 -1.150886676622473601e+02 -1.714426145691802219e+02 -1.060517540908441134e+02
1.022282407934015396e+02 9.040653876538546285e+01 6.102909469604492188e+01 1.146824963887532505e+02 9.796790247378142169e+01 8.707966279983520508e+01 7.199584070841471828e+01 9.269277093765583686e+01 1.099866448538643908e+02 6.659419495718819348e+01 1.007537120472301098e+02 8.888341522216796875e+01 7.525982392139921728e+01 1.069120256175165480e+02 9.409159884245499939e+01 8.404794144048921112e+01
-6.390535085851495012e+01 -6.952263583777084932e+01 -3.873182678222656250e+01 -5.362704149881999172e+01 -8.230031494472339659e+01 -4.240208017826078901e+01 -2.313810316721598070e+01 -8.059232346555020854e+01 -5.973911763599939917e+01 -6.571245057242256848e+01 -7.901074292443014713e+01 -8.850083351135253906e+00 -7.669038919302133195e+01 -7.914967503754988343e+01 -6.573750565017478209e+01 -8.180851587435093109e+01
1.839367964050986615e+01 2.197140130456888940e+01 -5.515011310577392578e+00 2.296198431650797644e+01 2.052969043539918204e+01 1.677888046205043793e+01 5.720476170380912606e+00 2.101335408205681787e+01 2.524133905683245160e+01 1.754326392923082523e+01 1.821353620155291253e+01 2.010316276550292969e+01 2.171104203737699478e+01 2.119512189989504591e+01 1.918335253950478503e+01 1.692310243408855186e+01
9.225261890075421078e+00 7.922909758001003055e+00 5.167511105537414551e+00 1.473713350296020508e+01 4.306606325118437439e+00 8.171152681112289429e+00 4.895289142926539938e-01 6.793858789700142786e+00 1.346768078122819823e+01 9.070236546652658660e+00 7.437121391973711582e+00 1.416822052001953125e+01 8.484221455378410326e+00 7.179872813432113254e+00 7.063720745884854324e+00 4.364180167637218943e+00
-1.718119523200121179e+01 -1.898474804410394157e+01 -2.109611034393310547e+00 -1.163668973743915558e+01 -3.239039222053859390e+01 -3.415704965591420006e+00 8.961507558822638941e+00 -2.826574821675076876e+01 -1.667315314156667938e+01 -1.347493297713143257e+01 -2.824855270710857269e+01 2.165602111816406250e+01 -2.497784941013042825e+01 -3.008444329966668462e+01 -2.156966321882994109e+01 -3.204016629661001048e+01
-1.478422755815766010e+01 -1.174743077833697313e+01 -1.623863887786865234e+01 -1.334658702214558978e+01 -1.476101178578708328e+01 -1.225314319133758545e+01 -8.299830913543701172e+00 -1.454750581497841644e+01 -1.430924551146370938e+01 -1.026884566886084293e+01 -1.424009791355241283e+01 5.107848167419435370e+00 -1.372771437045855336e+01 -1.484126034767731284e+01 -1.184444104761317007e+01 -1.297195972611264381e+01
-5.131307799707759187e+00 -2.734545058799244366e+00 7.149262428283682524e-01 1.578960994879403223e+00 -1.349434480459793306e+01 -8.870705012232056319e-01 2.254270017147063321e+00 -9.089167466030477982e+00 -5.253399314199175940e+00 -6.533727845975331405e+00 -8.449036278846593362e+00 1.391184234619140625e+01 -6.716407722387558898e+00 -1.088355943366237710e+01 -3.697615344455277953e+00 -8.461148871881206901e+00
-8.927401599558915990e+00 -1.231954481241837840e+01 -1.648077964782714844e+00 3.626712282498676387e+00 -1.215940741481988141e+01 -4.902802616357801568e+00 5.481877704461417977e+00 -1.025752554675365857e+01 -7.367669458048682785e+00 -2.470693622316630922e+00 -6.830339054492386097e+00 1.769556236267089844e+01 -1.026496599576412017e+01 -6.629956665246381498e+00 -7.947313675845878223e+00 -5.238374217254357923e+00
1.070562466979026972e+01 5.353970207133376569e+00 1.095668390393257141e+01 2.542518965403239051e+01 1.033981139893117351e+01 5.813595518469811374e+00 9.307643254597982363e+00 8.882937633610787032e+00 1.423712067604065012e+01 6.830903087343489943e+00 1.426787538555534418e+01 2.081613159179687500e+01 8.146883906462255354e+00 1.614042879705843703e+01 9.602172178634701183e+00 1.701956950745930186e+01
2.690241220322525439e+00 -5.718288104489161583e+00 1.929721307754516246e+01 9.131495416164396417e+00 -3.444810996884881682e+00 -5.622456680983304977e+00 -3.329318523406981978e+00 -3.702783812233739091e+00 3.202556381055290391e+00 -4.131290878568376179e+00 -9.875516662882102281e-01 2.295820236206054688e+00 -3.618792581252560314e+00 1.706472705239837850e+00 1.696925748085633234e+00 -3.572413790516736132e+00
2.876915046437223733e+00 -1.340393412225652003e+00 -5.145997047424316406e+00 1.956692695617675781e+00 -1.383821354612058130e+00 2.970716621726750439e+00 1.576416929562886704e+00 -7.015451960107095264e-01 5.739545740400046725e+00 -3.337736951453345924e+00 -1.591424873606726464e+00 1.229939651489257812e+01 -7.979870453858991519e-01 1.626362888709356636e+00 3.144606313843666179e+00 -9.198894492009793922e+00
-6.516462568532338295e+00 -5.266972306764349909e+00 -1.516934013366699219e+01 -1.351466556390126428e+01 -7.859590639238773768e+00 -9.455659240484264316e-01 -3.717870295047760010e+00 -9.601612892556692813e+00 -3.103457558155056972e+00 -5.890716914619718025e+00 -1.177701006084680380e+01 4.559015274047851562e+00 -4.455175446394160410e+00 -8.842946061621541176e+00 -8.236005378806074972e+00 -1.761275441908256312e+01
1.972018722122318422e+03 2.228369673094580776e+03 2.738370591980631616e+03 1.650951987681539777e+03 2.091070233224790627e+03 2.366042755096239034e+03 2.957099218946053043e+03 2.152556903273254193e+03 1.868246945521220368e+03 2.496877910371893449e+03 2.024174565423078320e+03 1.223976742584625299e+03 2.343729022396271830e+03 1.957394399137900791e+03 2.077844749533120194e+03 2.222111675161313087e+03
1.409135298295454419e-01 1.687334168632075304e-01 1.823730468750000000e-01 9.903971354166665741e-02 1.654318104619565133e-01 1.393127441406250000e-01 1.655273437500000000e-01 1.730957031249999722e-01 1.319475446428571286e-01 1.758161272321428492e-01 1.591574928977272652e-01 3.857421875000000000e-02 1.824794671474358754e-01 1.516007133152173780e-01 1.619678442028985588e-01 1.824028201219511924e-01
