-2.542284983759341230e+02 -1.294644842147827148e+02 -1.393954212354576612e+02 -1.776491598831979957e+02 -1.124944585800169818e+02 -2.063047069604846229e+02 -3.645256219908245612e+02 -1.071069860747366249e+02 -2.101729839869908005e+02 -1.728882479858398540e+02 -1.331084562029157610e+02 -3.464607551388621687e+02 -4.143094597893790478e+02 -1.794706159319196672e+02 -2.286177551269531136e+02 -1.123477315902710103e+02
1.653175456834875945e+02 5.725208163261413574e+01 1.273659165423849373e+02 2.948201739160637658e+01 6.644826087951659588e+01 1.363033273669256857e+02 1.905752061355945557e+02 8.464181657270952996e+01 1.486117857978457550e+02 1.032495535278320347e+02 4.427406747000557630e+01 1.632294730209722786e+02 1.211738668905722136e+02 4.796467563084193841e+01 1.250075483322142134e+01 7.343141603469848633e+01
-4.058931205583649948e+00 -1.972382956743240001e+01 -2.948489746840103720e+01 -4.820893626464029524e-01 -2.091323425769805411e+01 -2.231106756390004620e+01 4.358740298692561055e+01 -2.865534597454648491e+01 -2.037957096028895165e+01 -7.488005332946773507e+00 -1.242307834965841806e+01 3.302833903998858034e+01 4.008830237388610840e+01 -1.017678172247749835e+01 2.189801967144012096e+00 -2.472989533841609600e+01
2.713285967578059044e+01 2.203068441152572987e+01 3.138410246890524746e+01 1.052208972604651649e+01 1.983288493156433674e+01 3.597707985103993167e+01 8.065455149079454600e+00 2.223241690433387063e+01 3.688034812041689747e+01 3.500575057983398608e+01 6.520054238183160322e+00 2.295523940063105073e+01 3.119961125141865921e+01 1.604831746646336654e+01 1.666479272842407511e+01 2.089562615752220864e+01
-8.083085917908212181e+00 -6.979461234062909192e+00 -9.772222493005838118e+00 -2.395765891200619002e+00 -8.539430961012840271e+00 -1.100390615281851936e+01 -1.042471833180552920e+00 -1.377334614233537380e+01 -1.329758979876836555e+01 -6.581845322847367896e+00 -3.356029765946524801e+00 -2.420130270283400442e+00 6.779988511188605571e+00 -1.072229727676936406e+01 4.439374974370002391e+00 -1.013388222455978394e+01
-5.530433569265448490e+00 -1.068151348084211349e+01 -5.988768086485242392e+00 -5.313925915642790265e+00 -7.531836900115015609e+00 -5.333550749481590358e+00 -5.632632652081030145e+00 -4.351627380558936942e+00 -5.083853713103705374e+00 -9.830930020809173442e+00 -1.060036788667951413e+01 -3.552181433613705863e+00 2.509241397719128130e+00 -1.152143587384905388e+01 -4.827201938629150035e+00 -7.260262880474331659e+00
-7.886927464733950011e+00 -1.140138968825340093e+01 -1.936434896095938996e+01 -1.240336717273059719e+01 -1.449668703079223597e+01 -1.455889249452645551e+01 -8.120418526058967856e+00 -1.192435279217633415e+01 -1.307881542188780166e+01 -1.353822343826293917e+01 -1.121145858083452396e+01 -9.425151847121192361e+00 -8.412610575959488912e+00 -1.138360059261322021e+01 -1.370239148139953578e+01 -1.542794563621282578e+01
-1.447423610998236043e+01 -4.810058766975999767e+00 -6.409648697985256938e+00 -6.962190050827830490e+00 -8.680037884414197435e+00 -1.101242461843767018e+01 -5.701828348601973850e+00 -2.858775983254112418e+00 -1.315559832396960616e+01 -6.327330460548401092e+00 -4.978386938571929932e+00 -5.154330860369082501e+00 4.086697544600518484e+00 -5.796731761523655990e+00 1.556255537271496792e+00 -7.981872249394655228e+00
-1.246420240143071112e+01 -1.164403659105300903e+01 -1.055228441305782461e+01 -8.250277732547921516e-01 -1.439531449675559749e+01 -6.921752940701400902e+00 -1.175653866557187399e+01 -1.337296861590761310e+01 -7.635001230807528572e+00 -1.065198615074157829e+01 -6.831830275910240502e+00 -1.005958417276056593e+01 -3.099280381927616013e+00 -6.312616024698529671e+00 1.278683915138245375e+01 -1.310273975506425082e+01
-4.396725011908491965e+00 -3.669283777475356612e+00 -1.288794569347216701e+00 1.285422246393405032e+01 -4.793149909377098616e+00 -6.559896073479578149e+00 -5.226713430049809261e+00 -5.144897327278601828e+00 -8.199338684479382522e+00 -3.662826702594756512e+00 6.145865763936723347e+00 -6.442933378059674254e+00 -7.190814409707045662e+00 1.941651982920508779e+00 2.486674485206604146e+01 -5.278516037389637816e+00
-1.323158457486525741e+01 -1.059912966191768469e+01 -1.529145906282507639e+01 -9.039390852576808300e+00 -8.486134815216063387e+00 -1.487569347153539745e+01 -1.424954247474670765e+01 -1.106391214601921291e+01 -1.384632484685807263e+01 -1.322653537750244190e+01 -1.174300146102905273e+01 -1.113622922504820600e+01 1.931228444383030762e-01 -8.185472232954841942e+00 -8.586329102516174316e+00 -1.133192640542983831e+01
-2.491881179744784180e+00 9.840846881270390867e-01 1.357011335699453092e+00 -2.408220249100735799e+01 3.432889737002549957e+00 -1.331927768562152448e+00 -8.099484332772190598e+00 -2.194843801585112164e+00 -1.558870538714387521e+00 -1.886705780029297674e+00 -1.949043205806187373e+01 -8.344099311566935739e+00 -2.186157758171495047e+00 -1.780560084751675820e+00 -3.076625061035156250e+01 9.419642295688381850e-01
-8.495828229448070701e+00 1.904315181076525754e+00 -3.590916340765742731e+00 -8.544134999576389333e-01 -2.141267254948615140e+00 -6.977831347481066260e+00 -1.409528518138928987e+01 -7.700616309137055637e+00 -7.711880979793413360e+00 -7.997403559684753027e+00 1.332096985408237622e+00 -6.988304487452275282e+00 -2.000229629310395829e+00 2.418691635131838602e+00 -4.721548140048978937e-01 -1.698124563321471214e+00
1.005468887778904332e+03 2.905985744036437609e+03 1.667915211935486013e+03 3.813305404539523806e+03 2.688595776831551120e+03 1.410197541259310810e+03 6.340210542969723519e+02 2.317981484311570057e+03 1.244795317577551941e+03 1.957220387647425468e+03 3.501893752249685349e+03 8.291831783072357211e+02 1.116700489079516274e+03 3.187280934161211917e+03 4.067373316951991001e+03 2.520133300932081966e+03
4.490064538043476300e-02 1.776428222656249722e-01 8.160665760869566243e-02 2.565018503289473450e-01 1.577880859374999889e-01 5.738366168478258728e-02 3.127838844476744234e-02 1.289358428030302761e-01 5.467006138392854764e-02 9.160156250000001110e-02 2.479771205357143016e-01 3.175019054878047003e-02 1.587573902027024364e-02 1.957310267857142461e-01 2.522460937499999556e-01 1.465911865234374722e-01
