-6.642931058912567721e+01 -2.304663436889648551e+02 -9.986113410160461967e+01 -6.346150118304838372e+01 -1.874612476893833843e+02 -2.583775329589843750e+02 -2.143646850585937784e+02 -2.471272494293922932e+02 -4.202324142456054688e+02 -6.719573388780868584e+01 -8.218783646095091910e+01 -1.366591387662020622e+02 -2.564370494033350951e+02 -2.718288019114527287e+02 -5.290616259574890989e+01 -1.075918472290039176e+02
1.202181317878491882e+02 1.330052051544189453e+02 1.299619256381330672e+02 9.851592033140119042e+01 8.558574959891181777e+01 1.191783616086269859e+02 8.880174350738525391e+01 1.012115471418513692e+02 9.922007980346678835e+01 8.881298610142297889e+01 1.274974329878644141e+02 1.470630774064497359e+02 1.137845694802024212e+02 1.063605111220787194e+02 1.114969282531738344e+02 1.401926036289760020e+02
-1.199147646174286308e+01 4.875736827850342081e+01 -4.213208237598689010e-01 -8.732402187561795870e+00 8.459029008660998272e+00 4.673790929672566108e+01 3.914444846411546663e+00 2.612260694836461283e+01 3.148931341171264719e+01 -7.817845436504910595e+00 -6.973211994985256013e+00 5.634074801748448991e+00 4.088751201557390402e+01 3.421233541389991473e+01 -1.337782744467258311e+01 1.707082339695521256e+00
3.837396260463830799e+01 4.843307943344116495e+01 3.825340560386921140e+01 3.719717967125677660e+01 5.637790461948940646e+01 5.430227997962465736e+01 5.393610358238221636e+01 5.283280270598656614e+01 2.389128837585450071e+01 3.211171520778111699e+01 3.892297060896711258e+01 4.050914582339200365e+01 5.265461921691895242e+01 5.351817400702115890e+01 3.674055442810059446e+01 3.365717059544154921e+01
-2.070376904624881664e+00 3.074596756696701405e+00 1.815610027518765435e+00 1.131163798032267076e+00 4.057878997496193740e+00 1.778358333288354132e+00 1.004470327869057122e+01 5.123670382555140179e+00 2.170843024253844789e+01 1.389821984086716311e+00 6.307672691054442282e-01 4.864175471392544026e+00 1.628376995297992957e+00 5.289998895649250521e+00 -1.118676697015760002e+00 2.333398709978376395e+00
1.761121777422498980e+00 1.130698623657226420e+01 2.978295765046414800e+00 -9.543513607594285020e-01 9.212960496970584501e+00 1.064811332428708823e+01 1.288930418218175333e+01 9.802860629419946292e+00 1.007465779781341375e+01 -9.575479030609201914e-02 1.251758292680831275e+00 6.295437872409821445e+00 9.222247940121274468e+00 8.896236659637811073e+00 1.628393693268297859e+00 4.166252430847713129e+00
8.877820986689979321e-01 1.195449481606483744e+01 3.494551120133235322e+00 -3.073296032605630224e+00 3.491451583589826768e+00 1.150727298665554343e+01 7.666497764488061861e+00 8.693551263836930332e+00 9.439974772930145974e+00 7.080490039927642698e-01 1.636844419851537502e+00 5.245427833362059644e+00 1.097525792681809875e+01 9.094368389968217059e+00 -3.453621864315969958e-03 2.440480727808816752e+00
-7.761433899402618408e+00 7.287322193384175861e-01 -6.075032133480597452e+00 -1.051764222883408983e+01 -4.333874432529721155e+00 8.748419487730085820e-02 -4.040888541067639395e+00 -3.109958839970964561e+00 7.494589653611183344e+00 -8.645003407342091606e+00 -6.230740020914774746e+00 -3.416905137625607214e+00 -1.633025328318276959e+00 -3.590042598288633702e+00 -6.990566182136534579e+00 -3.784240986619676228e+00
-3.875125704841183794e+00 4.611361306905744861e+00 -4.472326262243866424e+00 4.571989747785750957e+00 -9.458837355886184906e-01 5.783907101509416115e+00 -1.843074268350999967e+00 -6.207601441893473293e-01 2.385401037335396435e+00 6.115756607055660155e+00 -5.012183625523641162e+00 -7.334572374820700347e-01 1.600782377701812864e+00 -9.169255248431503746e-01 -5.491400218009943046e-01 -1.561729913949966297e+00
6.066761298387340240e+00 1.206431695222854827e+01 3.651845680228596791e+00 7.699612905902247562e+00 1.239220550060272075e+01 1.205657813904132958e+01 1.372701509793599328e+01 1.105843483847241160e+01 2.473897099494895002e-01 7.284157882417952479e+00 4.103566012731410417e+00 7.696963873776522469e+00 1.030461655963550704e+01 8.157891397332324601e+00 4.218889670372009348e+00 6.980774099486215967e+00
-5.031404402219888716e+00 -8.225870625674724934e+00 -9.282189463746959746e+00 -3.416678232531395132e+00 -8.528390533583506183e+00 -8.342316061892407930e+00 -6.312922547260919615e+00 -8.241633598194566090e+00 -5.639208763837837424e-01 -1.277322330219402780e+00 -9.161548672652827463e+00 -1.114879445596174889e+01 -8.940877712134156496e+00 -8.390245104658193398e+00 -2.376617676019664671e+00 -7.721643604551043261e+00
1.332237097530653536e+01 9.367785191535949352e+00 1.264458096438440826e+01 -7.801500904944660419e-01 1.277305946350097798e+01 1.103945795652713890e+01 1.220910626649856567e+01 1.096196090620617625e+01 6.733786091208440183e-01 -6.361995560782295556e+00 1.411952669446061037e+01 9.449778827753934962e+00 1.204256717183372771e+01 1.205270290374755682e+01 8.852223744392393456e+00 1.341948723793029430e+01
-7.734155710899467628e+00 -9.012106764316559548e+00 -5.002727877477118668e+00 -5.169480939065255853e+00 -5.687070432731082370e+00 -8.794550465776564963e+00 -1.315388632317382900e+00 -7.265540027341176099e+00 1.722182260453702263e+00 -5.656065160887581378e+00 -6.176657122809712241e+00 -8.249762621792879003e+00 -7.873203707463813039e+00 -7.920272823037771914e+00 -6.210651678442954626e+00 -8.320858291217259506e+00
1.686793425524871509e+03 8.540686905503860089e+02 1.395897018241219712e+03 2.092150617017646709e+03 1.957633349046217290e+03 1.054024610778601527e+03 1.747875696469463719e+03 1.538826903418742177e+03 1.275593288235977070e+03 2.301292258774029960e+03 1.517945374695670353e+03 1.050713409905207754e+03 1.209701938120798786e+03 1.362317320770504239e+03 1.857207494582115714e+03 1.255366608601289727e+03
8.142459753787875676e-02 1.965332031249997918e-02 5.089911099137930939e-02 1.209677419354838329e-01 1.081333705357142572e-01 2.148437499999995837e-02 9.463500976562497224e-02 5.305232558139533899e-02 3.417968749999965306e-03 1.307198660714285476e-01 6.608469893292683028e-02 3.577769886363635354e-02 2.880859374999995837e-02 3.856580010775857714e-02 9.837890624999995337e-02 4.434988839285712581e-02
