-6.750370548922438729e+01 -1.055460201037132038e+02 -1.339114429639733430e+02 -5.041811193738664088e+01 -1.093843848954385720e+02 -7.022841131059746544e+01 -8.251155321724297664e+01 -9.678145651383832160e+01 -1.016392593383789062e+02 -1.432172510359022226e+02 -1.027267083619770176e+02 -1.057780216932296611e+02 -9.762476756175357195e+01 -1.247155456542968750e+02 -8.473347508465801070e+01 -6.931475685636200978e+01
8.921244588391535046e+01 5.558361292693571443e+01 1.222149764351222814e+02 4.063788441249302963e+01 6.958034640639576196e+01 4.754817290055125056e+01 7.717412662506103516e+01 1.024867375691731866e+02 1.404495407104492131e+02 7.912344741821289062e+01 5.053325743424265681e+01 5.826273310184476628e+01 7.943575180901422073e+01 2.328720092773437500e+01 1.124678002816659443e+02 9.591888554890951468e+01
1.754708441372575578e+01 2.184504142050016640e+01 2.138982103181922056e+01 2.062200491768973265e+01 1.754948528844918698e+01 1.974531956722861992e+01 1.777577752702766389e+01 1.817885623917435112e+01 8.022696185112000222e+00 7.761168857415528421e+00 2.517756373945035619e+01 2.188920222222805734e+01 1.715486087153355399e+01 3.533156585693359375e+01 2.307106465763516212e+01 2.220409224430720485e+01
2.742017004407685477e+01 3.709438828290520718e+01 2.089864382536514853e+01 2.834700162070138063e+01 3.399490594152194234e+01 2.967859751613516650e+01 3.104847886164982995e+01 2.501327321023651962e+01 1.769078283309936239e+01 3.697921695974137890e+01 3.585245674534847637e+01 4.118185368180276384e+01 3.099115395545959117e+01 1.500555515289306641e+01 2.320199505488077563e+01 2.887639018694559923e+01
5.841165702404647497e+00 7.534634647733074786e+00 3.150589157705722343e+00 -8.106451758316584488e+00 1.064086508750915527e+01 -6.836009797297024626e+00 6.287437153359254793e+00 -2.805821341095547261e+00 -3.871316500008105344e+00 2.300323435333039868e+01 2.954731411055515622e+00 1.141518088057637215e+01 1.121602409250206378e+01 6.623122215270996094e+00 -1.026819939966555140e+01 -2.660696864128111905e+00
2.128677119468820678e+01 1.277311909602861562e+01 1.759083023796910794e+01 1.662016388348170537e+01 1.776574385255130295e+01 1.471299706634722249e+01 1.868406555884414288e+01 1.744276555740471935e+01 1.150724707841873240e+01 2.722982292705113139e+01 1.303680167072697671e+01 1.277669255621732347e+01 2.218334790898694564e+01 2.960585403442382812e+01 1.705961698955959704e+01 2.175469800631205430e+01
-2.724007512988715796e+00 -3.389884291058878230e+00 -1.133062901704208425e+00 2.381378446306500862e+00 -4.778958243109394211e+00 7.037546697415804076e-01 -4.291815955605772004e+00 -6.850171016924320178e-01 -4.412047952413558960e+00 -3.132248885101741820e+00 -1.883498232615622214e+00 -5.868093607481565499e+00 -2.226456130544347101e+00 6.842105865478514737e+00 -7.533238695727453305e-01 -1.218613440295061023e+00
-2.922744345048360337e-01 9.244795953823338408e+00 -6.247331493574636241e+00 2.769904783793858627e+00 5.255216158148063421e+00 5.596539227586045939e+00 2.278451634570957562e+00 -6.324857076009109846e+00 -4.119271550327539444e+00 -3.651693943474021431e-01 6.604680591507962717e+00 8.203563303221011793e+00 4.448601777354901365e-01 -1.316057968139648438e+01 -4.209224849939339208e+00 -5.040536483128869705e+00
-3.089333009103246042e+00 -8.673335839126350422e-02 -8.285747491795083519e+00 -2.267627102988106547e+00 2.273826599121089309e+00 -4.433449029922485352e+00 2.322423466377772083e-01 -8.577223441817544369e+00 -1.080151233673095668e+01 8.425124138593684364e+00 -1.139976183050555036e+00 3.009909085929398209e+00 1.131210271269081469e+00 -1.466858482360839844e+01 -8.413517598752626725e+00 -6.719615356127419226e+00
-3.647918502318449274e+00 -9.717904573779998501e+00 -2.005342835965364223e+00 -4.319940890584673454e+00 -5.195594123939972775e+00 -5.304591731021281120e+00 -3.334146277772057854e+00 -5.771842761473240380e-01 -4.221991193294525324e+00 7.129569726582200673e+00 -8.359883022935768793e+00 -6.400963615160438991e+00 3.914115660720369760e-01 9.086815834045410156e+00 -4.648673468165935851e-01 -5.359479288260149410e-01
-7.043013482258238867e+00 -1.157504240789656080e+01 1.326285279315450261e+00 -6.365810121808732625e+00 -8.912483105908581393e+00 -4.979996499262357545e+00 -9.159449622862871010e+00 -3.220855954921617581e-01 2.877005958557128373e+00 -5.518568936321472052e+00 -8.663497907550713251e+00 -1.043524200282991110e+01 -6.793649387028483311e+00 8.766986846923828125e+00 -2.420072290632460543e+00 -3.708875358601412930e+00
-1.629523855858836745e+00 3.004012481640967902e+00 -1.831776422003061899e-02 -1.018462036337171250e+00 2.144216865745947054e+00 -3.728798000436082116e-01 -6.979030792911861125e-01 -2.563172311493846944e+00 -6.502900689840317661e+00 -2.958502974775103489e+00 2.003351132336414597e+00 4.138642413541666620e+00 -1.394877514077558445e+00 -6.020912647247314453e+00 -5.354579988453120443e+00 -3.194461409747601177e+00
-2.751829934531247801e+00 2.680312165769476174e+00 -7.646109746850059175e+00 -5.064954604421342488e+00 1.364092668935429353e+00 -6.624637393574966282e+00 5.093960041801086636e-01 -8.868716187549365415e+00 -1.398135149478912709e+01 3.428370293643735245e+00 -1.459995868958925191e+00 4.529759872704743451e+00 -5.566731728613414365e-01 -1.555645561218261719e+01 -9.613050697026434221e+00 -8.354498280088110462e+00
2.150450723184831986e+03 2.896297158806903099e+03 1.442548703548033245e+03 3.666997559694450956e+03 2.558881051477029814e+03 3.366281543553577194e+03 2.417162853087636904e+03 1.847977877505269134e+03 1.244727150064121361e+03 2.065298375257174030e+03 3.127299980539823537e+03 2.718481990254553693e+03 2.283411650260091847e+03 4.528752989024489580e+03 1.650412980429327945e+03 1.983355776890256948e+03
1.195447198275862155e-01 1.749288268008474811e-01 5.668308423913047400e-02 1.845005580357143016e-01 1.571901236007463010e-01 1.833110608552631637e-01 1.347588433159722376e-01 7.262073863636367421e-02 4.750976562500000555e-02 1.310899522569444475e-01 1.683799342105263552e-01 1.710128784179688055e-01 1.347927517361111327e-01 2.163085937500000000e-01 6.620732060185188783e-02 8.960774739583338144e-02
