-1.404097007013136249e+02 -1.932185664023122627e+02 -1.783395036969866112e+02 -1.858513095661745353e+02 -1.424037691752115791e+02 -1.691132883532293931e+02 -1.777125632876441728e+02 -1.871615744454520041e+02 -1.847145996093750000e+02 -1.751377431233723883e+02 -1.325716044108072822e+02 -1.934441872248573588e+02 -1.356492488861084098e+02 -1.465746200916378825e+02 -1.857710110848410068e+02 -1.475973025512695074e+02
1.224566025272492453e+02 1.089704375728484109e+02 1.242378957839239177e+02 1.161713093903105118e+02 1.136242389678955078e+02 1.061755265860721948e+02 1.235911563691638690e+02 1.138041088649204795e+02 1.244421909038837128e+02 1.215661984252929528e+02 9.254735819498698390e+01 1.108517509339347669e+02 1.081304943084716825e+02 1.194780331988667257e+02 1.168445700929875954e+02 1.171679333496093705e+02
-5.485004941878780471e+01 -4.298464202880859375e+01 -3.430231403169177895e+01 -4.092900179200253064e+01 -5.579303614298503788e+01 -4.996734987456223109e+01 -3.785819230760846921e+01 -4.214597285134451710e+01 -2.973459669259878524e+01 -4.207439837137857808e+01 -4.363953177134195727e+01 -4.121969731648763258e+01 -5.755135917663574219e+01 -5.617760503014854834e+01 -3.910379500138132869e+01 -5.576041709899903509e+01
2.358356386615384537e+01 2.668201791086504571e+01 3.466416731334868473e+01 2.926658961732508857e+01 2.525322752528720471e+01 2.904228670843716387e+01 3.007955183301653435e+01 2.792117067064557645e+01 3.688858883197491423e+01 2.862530718485514214e+01 3.173135240872700891e+01 2.671205809759715066e+01 2.783115177154541087e+01 2.355264102580936125e+01 2.930981585853978544e+01 2.246048326492309855e+01
-8.162652727096315175e+00 3.382640555020298923e+00 8.004160154433474617e+00 5.053078889341680480e+00 -1.161389252791801496e+01 -4.112802052292333421e+00 4.197232916241597778e+00 3.471913291088172926e+00 1.236075088152518475e+01 2.989866690238315083e+00 -2.057784366607666016e+01 3.057371761117660736e+00 -1.694298293590545512e+01 -9.041740643423651136e+00 4.790157629209653933e+00 -1.142879982233046121e+01
-2.498892710285802110e+01 -1.718421640703755315e+01 -1.318022976602826901e+01 -1.665987643548998065e+01 -2.815926853815714637e+01 -2.395529631910653023e+01 -1.605179674284799063e+01 -1.821859535489763715e+01 -8.914056392816398500e+00 -1.737607311248779496e+01 -2.125336376825968543e+01 -1.690383778678046411e+01 -3.280702781677246094e+01 -2.646016719729401601e+01 -1.614894455070035661e+01 -2.788642704010010220e+01
-1.017481242456748092e-01 -1.232213510236432441e+01 -6.481071477844602136e+00 -1.114951519844895778e+01 1.773380214969314750e+00 -5.140009477220734091e+00 -7.415439621323630881e+00 -1.306530319452285838e+01 -5.202907206920476924e+00 -8.430088599125545201e+00 -2.055264333883921601e+00 -1.313363648407043094e+01 4.808278086781500704e+00 -1.924857033546581775e+00 -9.756190716174611310e+00 -3.753027051687241933e+00
-9.377668424479422171e+00 -7.647940172303107076e+00 -3.390627168473743680e+00 -5.916423959247138598e+00 -1.154318216111925111e+01 -1.065377421625729326e+01 -3.644030878941221907e+00 -8.776041907072066550e+00 8.335756888756362670e-01 -4.966078392664596386e+00 -5.531017303466796875e+00 -7.198956414820655070e+00 -1.300214713811874745e+01 -1.033426807647527923e+01 -5.322958523767040262e+00 -1.307844141960144668e+01
-1.587100158199187305e+01 -1.505382908544232734e+01 -7.997474664733526417e+00 -1.328227376129667547e+01 -1.825449124972025672e+01 -1.747846652721536742e+01 -1.091899818465823557e+01 -1.576977362632751323e+01 -8.025034711911128937e+00 -1.389730293909708614e+01 -1.215586964289347272e+01 -1.567292513923039365e+01 -2.016628375053405975e+01 -1.610633497459943797e+01 -1.247848359220906644e+01 -1.869582082748413399e+01
1.169205071849207656e+01 7.899266692899873377e-01 9.559037827310106650e+00 1.874782065213735471e+00 1.071197193198733544e+01 4.900131827798383632e+00 6.125961881308326973e+00 3.840347332613873732e-01 8.952766638535718968e+00 3.693088487386702035e+00 1.171492743492126465e+01 -1.857304298688440269e-01 9.863646268844602716e+00 1.062076033270636088e+01 3.726024234504029309e+00 6.847083094120023361e+00
-1.372788868796440909e+01 -1.174934554869128789e+01 -3.895815799278872227e+00 -1.054930695739843038e+01 -1.667930502361721423e+01 -1.279110842737658338e+01 -8.951523861714772323e+00 -1.032919586385999366e+01 -3.800413287602937729e+00 -9.595058042208354010e+00 -1.045752441883087158e+01 -1.215496208365001429e+01 -1.785627031326293945e+01 -1.439659650935683111e+01 -8.130500882341150870e+00 -1.556369226098060565e+01
-1.868911224026832407e+00 -1.503040944376298649e+00 5.728411793708802158e+00 1.536720969919432411e+00 -2.059169174896344767e+00 -3.911232993520537882e+00 2.591239401272366294e+00 4.300448315484187711e-01 7.198915105599624553e+00 2.620773267348608826e+00 -3.110230535268783125e+00 -1.084274019513810305e+00 -2.459275227785108875e+00 -1.233186358629269508e+00 2.134828010149170563e+00 -1.030717961788176318e+00
4.623153194304435054e+00 3.459275212980085445e+00 8.568518933795747472e+00 5.738531902685003239e+00 5.738082781434058255e+00 2.783830477245922363e+00 7.432082296836943769e+00 4.633475728120122206e+00 1.110266223320594037e+01 7.239601215471823004e+00 5.356328050295511289e+00 3.674218316872915224e+00 5.658968682587146581e+00 6.032938144234723410e+00 6.981311957041421934e+00 5.324964586794376231e+00
1.650839949055357692e+03 1.937590709978630457e+03 1.414640656867959706e+03 1.731732130664259103e+03 1.888944834018284837e+03 2.023869677409682481e+03 1.515328936321417586e+03 1.797958264004369539e+03 1.284345149111410592e+03 1.600015779347301759e+03 2.157156004787459551e+03 1.858953864901301358e+03 1.960078258468811100e+03 1.750781872979416448e+03 1.675787429642899951e+03 1.817773067796777468e+03
9.375000000000000000e-02 9.505733366935484319e-02 6.131417410714283533e-02 8.122020656779660452e-02 1.123589409722222099e-01 1.140894396551723894e-01 6.666201636904758865e-02 8.541434151785713691e-02 5.314753605769229755e-02 7.261718749999999944e-02 1.141764322916666713e-01 8.914620535714286309e-02 1.196777343749999833e-01 1.027434593023255627e-01 7.560649671052629972e-02 1.068749999999999839e-01
