-1.656618290910816711e+02 -1.326497526168823242e+02 -1.102208824712176636e+02 -1.709181669792241962e+02 -1.175440006256103516e+02 -1.015394609624689366e+02 -1.075469626503429055e+02 -1.878678591949769725e+02 -1.255570785522460966e+02 -1.048424943577159638e+02 -1.625246887803076845e+02 -1.261476787990993955e+02 -1.852178505054417883e+02 -1.011373839745154442e+02 -1.283082723276955903e+02 -1.474179602614394469e+02
1.269045176650538451e+02 6.715369129180908203e+01 9.789312619941175342e+01 1.424346625404020301e+02 1.140160641846833158e+02 8.939360240589485329e+01 1.057659962972004877e+02 1.487274587611959760e+02 5.924610443115234659e+01 8.108933015303173875e+01 1.355496590733527569e+02 1.079417084587944515e+02 1.644537698496943108e+02 9.644945594591968074e+01 1.195377439771379784e+02 1.231606818534232417e+02
2.971635094555941947e+01 4.494963979721069336e+01 3.183764529228210804e+01 2.705947250398123316e+01 2.777327720137934364e+01 3.194825860370289661e+01 2.914410191568835273e+01 3.192674165301853151e+01 4.994054183959961080e+01 3.696188009868969004e+01 2.713874412910081801e+01 2.958458586268955059e+01 2.956973808053611208e+01 2.909046659102806842e+01 2.471638100381408876e+01 2.852515044351956064e+01
3.587821024686390192e+00 2.159336066246032715e+01 1.292961222071979499e+01 -2.367962820867531626e+00 5.032903902508589766e+00 1.198652065450493964e+01 7.375231353715911098e+00 -1.368684734358941668e+00 1.747047977447509837e+01 1.796933206373994452e+01 -4.192317589186229654e-01 9.218579634361791619e+00 -6.662159417418475726e+00 7.595731925887930558e+00 4.690512685371294843e+00 4.424747666260137713e+00
-2.725114010801240383e+00 -7.813810944557189941e+00 -1.303841325294139608e+01 -4.202804755320588725e+00 -1.235298123017505034e+01 -8.432957790656521624e+00 -1.389894595707969849e+01 -2.384281976656489555e+00 -1.225540704727172781e+01 -1.377802988751367863e+01 -4.778348834370259368e+00 -1.043329196605417053e+01 -3.463054795088108762e+00 -1.511640175985984058e+01 -7.767894014183960749e+00 -6.631096586182307462e+00
3.962014585733410144e+00 1.026553335785865961e+01 2.109163803416630234e+00 1.867606664389634519e+00 2.103258484767545511e+00 5.186705179918892128e+00 2.588929302390965415e+00 1.793914927978708995e+00 6.278046989440917436e+00 4.152433113618332783e+00 1.338959313347005242e+00 3.458559304806922086e+00 1.128642490700533685e+00 2.960248377842781053e+00 1.988361831488355769e+00 2.238419690647642568e+00
3.687260328368707096e+00 7.892498798668383664e+00 8.674012037903746641e-01 3.221431475759075624e+00 2.005499707327949910e+00 2.885595055059952507e+00 1.444095752019992407e+00 3.937059877496773552e+00 1.461139926910400177e+01 7.052853628993032142e-01 3.031630781479173198e+00 2.496099365254242919e+00 2.933323618726455528e+00 1.659821323477305377e+00 1.313036466549550640e+00 3.501292356902408365e+00
1.046184589917009689e+01 1.420749869942665100e+01 9.389506430819977822e+00 1.129862302383490480e+01 1.064226607012527914e+01 7.327127332579006946e+00 8.872719761969030117e+00 1.018342777394285292e+01 1.539037256240844798e+01 8.416891137307342063e+00 1.272804445680230145e+01 9.686343868573507265e+00 1.074169405042261616e+01 8.866588318195100626e+00 9.870051534846426833e+00 1.104107351131267478e+01
7.446859150823956774e-01 2.676361024379730225e+00 3.221332780497021986e+00 -2.225141145486710936e-01 2.131202800406353237e+00 -5.723587491295378804e-02 2.449478813457766080e+00 4.836314820279997706e-01 6.206706809997558416e+00 6.210574751550497208e-01 1.680324270739223413e+00 1.829722166061401589e+00 1.736346189094631010e+00 2.211712795190323710e+00 1.015660338336601853e+00 1.754186019704150334e+00
-1.246538782360573583e+00 1.161117359995841314e+00 3.597325238550821425e+00 -5.262591540549715674e+00 2.002270259515007034e+00 2.417143752900038578e+00 4.089897422355485368e+00 -2.663686079208293922e+00 -1.052996540069579989e+00 1.984478588808667121e+00 -2.248295802739444849e+00 2.452801559865476655e+00 -5.583706920129661633e+00 3.140563717637308905e+00 -3.118278503950112079e-01 3.490940960677934579e-01
1.043463855229243897e+00 -2.809239074587821960e+00 1.397559023527212396e+00 -1.360393375685786665e+00 1.316822853077341815e+00 1.063581860065460738e+00 1.129162306073069111e+00 2.349559294454988401e-01 -4.514837646484374467e+00 2.912541167302569178e-01 -3.308642904739825807e-01 1.770779396759140312e+00 -2.848812296770623753e+00 2.047612158915943503e-01 1.199941219761968547e+00 1.402066216007010535e+00
9.709915111763310236e+00 6.240556776523590088e+00 8.104477942336439256e+00 9.578849897711680939e+00 8.395749715191348272e+00 7.629169064760208840e+00 7.591241979564746778e+00 1.103921129787811495e+01 2.733588981628417791e+00 9.035282254219055176e+00 8.474808985716663301e+00 9.373987524045837461e+00 1.045150874231172899e+01 7.761236987625943051e+00 9.215396872056381028e+00 9.122560031779176626e+00
7.808738839144663935e+00 3.315343230962752852e+00 2.387651496501860482e+00 1.036979665297323194e+01 3.446516292928548886e+00 2.853510974753987295e+00 2.568324735794949465e+00 1.093103375368648855e+01 7.325191164016723988e+00 2.377254179932859035e+00 6.920071412809199352e+00 4.901667180988522610e+00 9.288624197244647718e+00 3.125976417500240689e+00 5.001017728288257302e+00 6.149298913709756675e+00
1.416150058558304409e+03 3.080209472685999572e+03 2.143325238002534206e+03 1.203291466979076858e+03 1.761504192324194264e+03 2.456978566173165746e+03 2.011750075354643059e+03 1.087557576859116807e+03 3.489309674705708403e+03 2.676693954309020683e+03 1.314462774688483023e+03 1.886938382844805801e+03 9.539791013516330622e+02 2.289231718231753803e+03 1.643687050088876276e+03 1.521604142989117008e+03
5.630523989898988252e-02 9.521484375000000000e-02 7.233943495639534593e-02 6.043020602876106318e-02 6.606716579861110494e-02 7.412997159090908839e-02 6.983544360632183701e-02 5.343967013888886730e-02 1.347656250000000000e-01 9.035422585227270709e-02 5.961608886718748612e-02 6.325412326388889228e-02 5.356940670289853101e-02 7.811873998397433905e-02 6.294904436383928770e-02 6.073602899774774994e-02
