-4.815491222034800671e+02 -3.582538238525390852e+02 -3.203692682439630062e+02 -3.333669504564861654e+02 -3.905780391369835911e+02 -2.829763743082682481e+02 -3.672902152464561709e+02 -2.858174224853515284e+02 -4.255017169770739542e+02 -3.840724634630926744e+02 -4.018858555385044156e+02 -4.647420313635536786e+02 -3.637834854125976562e+02 -3.257994486490885038e+02 -4.212162492540147696e+02 -2.934238656361897029e+02
1.409890975952148438e+02 1.919441826956612829e+02 1.893516734730113740e+02 1.917113111629042521e+02 1.931262041512182179e+02 1.650960540771484375e+02 1.975826296462226424e+02 1.835476554870605526e+02 1.746289592924572105e+02 1.744507656755118603e+02 1.774136410667782684e+02 1.581851111123728231e+02 1.737416845957438056e+02 2.070082048688616112e+02 1.877303204006618955e+02 1.952560354868570869e+02
2.501588474620471203e+01 -2.419229210444860101e+01 -4.155229629169812000e+01 -3.724883390027424923e+01 1.224254056558713444e-01 -4.158282597859700758e+01 -1.456844406275405035e+01 -4.791711254119874042e+01 1.013428644906905696e+01 -1.919583712364064709e+01 -1.264320883888100866e+01 3.025364917932553510e+01 -2.841244838635127223e+01 -3.010568287259057030e+01 2.186702198452418600e+01 -4.034755929311117484e+01
1.578159819949755960e+00 5.323198402353694902e+00 1.430460038510235066e+01 9.970191427441527310e+00 1.463392124337641320e-01 1.235825792948404889e+01 1.516718952311673529e+00 1.708618385195731548e+01 -1.197029833992323766e+00 -4.344814445438034411e-01 -3.512079161784012804e+00 2.289177984692329026e+00 5.220183943708736507e+00 1.073852105083919639e+01 -1.522654473781586582e+00 2.525630040963489975e+01
1.639242050864479694e+01 1.859377394063132272e+01 7.916921924461020055e+00 1.035636524266975123e+01 2.122554088851153153e+01 -2.116773986816405895e+01 2.218259320799837297e+01 -5.629303193092344060e+00 1.997283449627104446e+01 1.090844766024885537e+01 2.701301267411973228e+01 1.817581083608228454e+01 8.778382897377014160e+00 1.946090032940819370e+01 2.198441791534424183e+01 4.113705699021618756e+00
8.363012617284599770e+00 -1.023257535781179506e+01 -1.415999037027358654e+01 -1.560905907805575765e+01 -7.991016340457790079e+00 -5.452094395955403350e+00 -7.489919106370400925e+00 -9.186421668529510143e+00 -2.061461066915878160e+00 -4.483749981584219668e+00 1.313557963167867548e+00 8.398062112719518524e+00 -8.655713920791942684e+00 -9.131329406585015462e+00 6.870212116175225425e+00 -1.310741195579370277e+01
7.990431463853884253e-01 -3.002675374490872962e+00 -3.424852785739030736e+00 -1.921142246834066203e+00 -1.212986291970237751e+01 -1.089130902290344238e+01 -4.837725375116485260e+00 -9.861528229713439231e+00 -1.047958207130432839e+01 -1.742953512175327901e+00 -1.875971005076458642e+00 -1.453227610089056210e+00 -5.272301331162451810e+00 -1.293213933706285790e+00 -3.322806735833485625e+00 -1.058249011635780690e+01
2.366470025344331596e+00 -6.640861790946551935e+00 -1.210727825896306342e+01 -1.024212534621704407e+01 -8.282747639437854303e+00 -8.077760378519693418e+00 -5.368305891445000810e+00 -1.422282049655914093e+01 -6.800628124248413009e+00 -5.396217884688542910e+00 5.892852393407723710e-01 -2.503614151893659212e+00 -9.785133118430772825e+00 -1.029778795440991956e+01 -1.572810674707095124e+00 -1.803027384479840123e+01
-4.279678951610197402e-01 -1.205573733704430950e+01 -1.192088870839639370e+01 -1.171451339298902639e+01 -1.526691971795033353e+01 -1.286096111933390240e+01 -1.302133031112631656e+01 -1.714688754081726074e+01 -1.318700860795520668e+01 -7.886023283004763407e+00 -6.995185086651455109e+00 -8.283057402732758590e+00 -1.284005245566368103e+01 -1.336878348532177085e+01 -8.275414076116351936e+00 -1.562961828708648682e+01
2.882269297811117958e+00 3.789920730250233571e-01 2.803884275934914072e+00 1.928621305975804168e+00 -7.715614071336842628e+00 5.405707478523255283e+00 -1.493982758718659376e-01 -1.582422146201133639e+00 -7.534746079217820025e+00 4.748288824640478634e-01 2.318123834473806433e-02 -2.674669605008390683e+00 3.455226272344589233e+00 -8.079942216475801686e-01 -5.806660274664560362e+00 -5.527238068481286071e+00
-7.313284169543874391e-01 -3.651840043067933639e+00 -2.402279681780121745e+00 -3.503006355707036779e+00 -6.274626517699936734e+00 4.203687747319538204e+00 -9.620059783925634100e-01 -1.710842223465443901e+00 -3.876221577326457002e+00 -4.366419315338161411e-01 -3.804735920731983079e+00 -1.984707330548486137e+00 1.237762103478111886e+00 -4.821578084003357745e+00 -4.525753643777635560e+00 -3.156344120701154665e+00
-4.679489027370102860e-01 -5.204687543426240737e+00 -3.615871075879444785e+00 9.817736855772989379e-01 -5.385689530332212982e+00 6.555541753768920898e+00 -5.955660552708146760e+00 -2.374152839183802932e-01 7.814263630480975387e-01 3.049054252690282407e+00 -4.713668160022253417e+00 -1.718000845160594814e+00 -1.447867045799891006e+00 -7.381280971424923010e+00 3.292735815048222214e-01 -2.553693364063898130e+00
-1.698360876603560499e+00 -8.078024416310444877e+00 -6.775041032921183870e+00 -1.383354497510254077e-01 -7.100822860911740086e+00 6.700390179951991598e-01 -9.850617392699126285e+00 -1.160015690326691384e+00 -2.161265535014014638e+00 -1.777973619000663419e+00 -7.752920519737973137e+00 -4.508410664491874442e+00 -2.530957475304602244e+00 -1.002729848452976924e+01 -2.063346028327941895e+00 -4.875537345806757017e+00
7.257341389290329516e+02 8.016958191408516541e+02 9.395453037507980980e+02 8.703960869747126026e+02 6.768344014256474566e+02 1.197274809785135176e+03 7.319614146849761482e+02 1.030878701885988903e+03 7.077456873906949113e+02 8.714418337233444163e+02 7.863234903661392536e+02 6.519861990483504997e+02 9.743060444070403037e+02 7.676277600057763948e+02 6.056661919046927096e+02 8.598035828126794513e+02
1.464843749999993061e-03 4.361049107142856568e-02 5.492054332386363258e-02 5.188272165697675048e-02 3.883077330508474118e-02 6.404622395833332871e-02 4.101562499999999306e-02 6.096191406250000416e-02 3.087797619047619180e-02 4.052734375000000000e-02 3.280009920634920778e-02 1.534111555232556962e-02 5.550130208333333565e-02 4.601469494047618486e-02 2.663845486111110494e-02 4.895019531249999306e-02
