-1.617131325131371682e+02 -1.131911237890070367e+02 -1.548590112532147884e+02 -8.499815439623462510e+01 -1.944575612242793454e+02 -2.633080230712890852e+02 -1.523509494278782199e+02 -1.628944902484920476e+02 -1.356411241230211999e+02 -1.092571713517352237e+02 -2.138713997288754740e+02 -1.800619140447572875e+02 -9.385407846365410478e+01 -8.537049713134771878e+01 -1.343073875703007616e+02 -1.548151808934854330e+02
1.635650460379464164e+02 1.190265917344526656e+02 1.463343672663528707e+02 1.053548289454260214e+02 1.720752789134710383e+02 2.014286254882812273e+02 1.386133221175319079e+02 1.509824021008549835e+02 1.321016142995733844e+02 1.158756207721989142e+02 1.837828923275596082e+02 1.704110449857489868e+02 1.101612225432894121e+02 9.976588420867918217e+01 1.227839365579995530e+02 1.554041117133823491e+02
-2.326364304678781281e+01 -1.837705062736165118e+01 -2.732500374835469614e+01 -1.726948055001192728e+01 -1.643514665919289186e+01 -9.333366829156879874e+00 -2.838982389139573570e+01 -2.577087588942780627e+01 -2.469911582532682104e+01 -1.809272067139789186e+01 -1.352258449479153057e+01 -2.235908129603364003e+01 -1.546752971321788372e+01 -1.525128097534179972e+01 -2.043252881176500324e+01 -2.166989641916666542e+01
3.561692238308134506e+01 4.007821963050148639e+01 2.958894343516841374e+01 3.574825916733852438e+01 3.715920236748709016e+01 3.258989191055297852e+01 2.830006079710731015e+01 3.444650307074695661e+01 3.125534952314276183e+01 4.058092354565131643e+01 4.184441466080514971e+01 3.478837432972220967e+01 3.951551249489856588e+01 4.024373536109924032e+01 3.431438316207334083e+01 3.662163735450583602e+01
3.498665562839708976e+00 -1.569278498671271649e+01 -3.988208725585700609e+00 -1.706373442051022948e+01 9.059463499927160157e+00 1.944212913513183594e+01 -4.747306986372600512e+00 -2.380935497024432301e-01 -9.420828840842371932e+00 -1.790318038986951166e+01 1.350484476748264839e+01 5.918739714248212991e+00 -1.760770243317335826e+01 -1.765630395412445708e+01 -1.043909650753779772e+01 2.165501381065795705e+00
1.396181600775037523e+01 2.097785917195406924e+01 1.351267189601933794e+01 2.152014594854310658e+01 1.515690753829311355e+01 1.255830051898956334e+01 1.263179627268813476e+01 1.439430042047079006e+01 1.511957233673647849e+01 2.225610593470131704e+01 1.481976393649452817e+01 1.376240622442822215e+01 2.140108106385416420e+01 2.073133471012115692e+01 1.677188606937247783e+01 1.376535444056734292e+01
6.988561201379400956e+00 -2.039449128914960330e+00 4.583233390998398882e+00 -7.336261913526900713e+00 7.233937043539230061e+00 1.048380913734436248e+01 2.652215405259023218e+00 7.285160882233762791e+00 6.223200873324774562e-01 -4.603402935150194608e+00 8.142064557263729796e+00 6.713462708301317861e+00 -8.313327569125297245e+00 -8.656161177903424431e+00 1.197011634886985476e+00 4.544016294022825697e+00
7.696086718638738056e+00 8.092192666097121290e+00 8.055075950689197128e+00 1.042366590749385935e+01 6.264537102739577534e+00 6.947261631488799161e+00 8.236030395756396061e+00 7.265666648846905495e+00 7.678543386294653494e+00 8.157498797265494872e+00 7.702605681984048047e+00 8.213835973379223887e+00 7.924395995575990170e+00 1.110702667385339737e+01 1.000049248301838922e+01 7.530871627178597372e+00
2.072423705600557220e+00 1.844551037658344272e+00 2.633012660912108505e+00 -6.474777016528849849e-01 4.320273346464400532e+00 9.068724882602690940e+00 2.552735039430071406e+00 5.090331463181248850e+00 5.155546359325713368e-01 -5.546672867565627385e-01 2.972204929903933923e+00 2.579806668813839465e+00 -1.893164061788300323e+00 -2.664822347462174612e+00 3.141339968486002832e+00 2.075344941294788192e+00
3.324581680979045828e+00 4.513805420561274317e-01 1.784696545012248725e+00 6.626359019861669530e-01 5.144970370010586436e+00 5.829642480611801680e+00 1.134962347819820971e+00 2.344421261832825731e+00 2.036050814939172948e+00 2.489027235566121377e-01 6.328867935820628787e+00 4.882643998015753439e+00 2.660684994797199998e-01 -2.829213952459397330e+00 2.064759500773556855e+00 2.707247926411054273e+00
-5.122956224850279128e-01 -3.675150636922229541e+00 -4.210939993214165789e+00 -3.224387969388518016e+00 -2.440218751279401577e+00 8.165499953925607457e+00 -5.990242047711863194e+00 -2.325842252191235637e+00 -3.755016325335754690e+00 -5.253817651329971916e+00 9.676716594319580977e-01 2.067121967326741583e-01 -3.552890387488835344e+00 -3.983532194793223180e+00 -4.081971606576299649e+00 -2.226794096277962876e+00
6.312516303290149899e-02 -3.748130652037534816e+00 -2.252765907263904133e+00 -3.120100986125857290e+00 3.761289746828488045e+00 4.024598321318624272e+00 -2.923546840516168643e+00 -2.509380161356763672e+00 -2.401403175274793522e+00 -3.770220119415261362e+00 3.826269651714126585e+00 3.650732060157980907e+00 -2.640539461552207978e+00 -2.551059294119476739e+00 -4.806319487023063886e+00 -1.648922274298701973e+00
-4.903311682882763201e+00 -6.230501468886030736e+00 -3.860432747728337333e+00 -7.869686523149180601e+00 -3.771209349934485644e+00 -4.386283078789711354e+00 -4.397686189921329536e+00 -3.006096587700092915e+00 -5.963797340267584346e+00 -6.452925683521645084e+00 -3.030289737017532126e+00 -2.996289428236874386e+00 -7.586328450423569514e+00 -7.248749206960201974e+00 -6.668064265006997893e+00 -4.923325211338118734e+00
1.082879749411282319e+03 1.791781155349002347e+03 1.357865341977971639e+03 2.110756615325950406e+03 9.194497615455516097e+02 6.147681563592274188e+02 1.468522611235722934e+03 1.271507189491974941e+03 1.581045107156427548e+03 1.889970367769544737e+03 7.646937926081204751e+02 9.998159488266769586e+02 1.997003547007236875e+03 2.249808459998442231e+03 1.692014045989162923e+03 1.173995428873674882e+03
5.759393601190473944e-02 7.977849786931817677e-02 7.608392371894408257e-02 9.792877906976742153e-02 4.642110475352109744e-02 3.264160156249998335e-02 8.346959786821703253e-02 7.012648809523809590e-02 8.363743832236840425e-02 8.662823932926827508e-02 3.310032894736839731e-02 5.314316860465113923e-02 8.826230177238804375e-02 9.722900390624998612e-02 8.383730233433733803e-02 5.993738918439713709e-02
