-3.027368409998276775e+02 -2.116038446044921955e+02 -1.871250912210216200e+02 -2.609093542366384213e+02 -1.999504979451497775e+02 -3.564436308208265700e+02 -1.495386123657226562e+02 -2.431789440524193253e+02 -2.358159951602711146e+02 -3.033235998386290362e+02 -3.290944770934089547e+02 -2.116985012129242136e+02 -2.232967099425613071e+02 -3.704323709661310318e+02 -2.639326017610318900e+02 -1.882357915242513684e+02
1.681041376450482403e+02 1.527267427368164192e+02 1.177083201201065350e+02 1.622888006762923396e+02 1.384320465269542808e+02 1.630237880506013539e+02 1.243592781653771056e+02 1.522833330708165249e+02 1.723197050206801180e+02 1.447769665601776978e+02 1.496405570620582353e+02 1.469775342006309415e+02 1.650638381793934855e+02 1.518153932744806411e+02 1.747906737275175431e+02 1.339269458886348616e+02
-6.727192983907855250e+00 -6.404772433471683257e+01 -7.553088038900622792e+01 -4.002897158292967106e+01 -7.039984759830295502e+01 3.214963647252630352e+01 -8.014014845628003059e+01 -5.578130883862897349e+01 -4.055423530129825593e+01 -3.792244958877563477e+01 -1.412714377755212070e+01 -6.863694441552257786e+01 -5.391699081338860111e+01 2.681290004470127286e+01 -2.810122550319839618e+01 -7.402603952812427224e+01
4.199708730473236074e+01 7.021182780456541650e+01 7.622873538473379540e+01 5.337695811619268227e+01 7.290699681781588026e+01 3.822695476130438408e+01 7.439004751352163680e+01 5.914742362729964498e+01 6.251943606208352122e+01 4.229730168784536204e+01 3.638539759318032907e+01 6.932030449661556304e+01 6.339502454573107570e+01 3.301511361382225118e+01 4.964706234355550407e+01 7.542029155384412320e+01
4.232882715113024119e+01 2.727552108788491836e+01 6.805891910324934457e+00 4.106808673109964758e+01 1.890299745826494160e+01 3.954471312071147082e+01 -1.188933634987243693e+01 3.351694548206944546e+01 3.941166624181411038e+01 4.778714026474372645e+01 4.545317068554107465e+01 2.518200151593079994e+01 3.226599291319487861e+01 3.765160304849797512e+01 4.428719168442948728e+01 1.064873324650705300e+01
1.326701949799761948e+01 1.028580604791641484e+01 1.748518782594928922e+01 9.345528505115861861e+00 1.396649933358033024e+01 1.905359210466082942e+01 1.575316542845505907e+01 7.042505526542659489e+00 1.113411678426405871e+01 7.481147828625466900e+00 9.983246622577546248e+00 1.000479076364461051e+01 8.978725421172313759e+00 1.481844016638669004e+01 1.106005568818731533e+01 1.639774020693518253e+01
6.956458793668184981e+00 7.882538550376891884e+00 2.578997514817968906e-01 8.684404678433846669e+00 3.979794413560903354e+00 8.225644244959479323e+00 -1.041969693624063886e+00 6.830523030219539216e+00 1.079784228521234368e+01 5.321922607174733422e+00 4.743480367319922841e+00 8.457850005696800011e+00 1.035262111576413524e+01 6.452207827432582476e+00 7.358263749015200084e+00 4.225185533364604673e+00
-8.300766554299515931e+00 -1.990751815032960081e+01 -1.901309958748195683e+01 -1.318126776340965733e+01 -1.808159493725923994e+01 -7.189312843899884342e-01 -1.936559930214514935e+01 -1.747799386362875751e+01 -1.495360760548535417e+01 -6.419158718934884433e+00 -5.918266472835389536e+00 -2.063024850920136188e+01 -1.845357437031243109e+01 2.256573682481572973e-01 -1.166301411390305098e+01 -2.174025331843982656e+01
-3.609784073075830158e+00 2.309225840568498445e-01 -5.319248978210533885e+00 -3.124605213648807389e+00 3.071027078798793664e-01 4.457503686610013727e-01 -5.388676152779508399e+00 -1.863878611595402468e+00 3.072280505124218575e-01 -4.265370611919138355e+00 -5.757867367494677424e+00 -2.027673064201485964e+00 9.989246501717465865e-01 -6.335192864591416839e-01 -2.205729449843313539e+00 -1.665633064327818547e+00
-4.337182465020344324e+00 -1.101104915213584512e+01 -1.097536515152972392e+01 -6.362313810074438969e+00 -9.722594391022404636e+00 1.290623004499273918e-01 -1.091080144735482982e+01 -9.697244227701615316e+00 -5.954034316890378875e+00 -5.520176324175620763e+00 -5.339111222161183612e+00 -1.003355855217166592e+01 -5.506761045465546012e+00 -1.461826617067485401e-01 -4.856439983656441584e+00 -7.009577486551170189e+00
-6.339604653943984758e+00 -3.715236424207685850e+00 -2.490755078585251248e+00 -4.623093801681124937e+00 -1.232989010001929842e+00 1.652398266290391327e-01 -3.567312043446760672e+00 -6.168549409220292823e+00 -3.243820805058756918e+00 -5.393378467821492883e+00 -7.196639850026082641e+00 -1.631566442987496313e+00 -3.646089478365835745e+00 -2.994555186141620862e+00 -3.483532300362217171e+00 2.130508284677161690e+00
1.568031942143148783e-01 5.080285829544066267e+00 7.574421633844789170e+00 4.174975320557567038e+00 3.445786961487360411e+00 3.278726624815087032e+00 1.006027236351599896e+01 3.572459269050628272e+00 6.656402567554922101e+00 1.643476104227507228e+00 -5.764356546458753172e-01 6.162487405187942358e+00 4.938538370273445999e+00 -1.792970279400999623e+00 5.855942783652097638e+00 5.131435378482846588e+00
-1.269191153259832783e+00 -4.650231750011440957e-01 1.673279795957651306e+00 -8.343891654616181208e-01 1.875596484612856996e-01 2.907747872565924929e+00 4.352920321317822250e+00 -1.135732301781252840e+00 -9.329632296281699100e-01 1.516409927025071380e-01 -5.971322102206098048e-01 -3.142323552393450070e-01 -1.334241131621021648e+00 -1.604305749589757246e-02 -7.886826705474088151e-01 1.654308759353381397e+00
6.722266172919460132e+02 1.335371245104442551e+03 1.838988636781126843e+03 9.841959763572112934e+02 1.568240718559163270e+03 4.407433848640165479e+02 2.045581066125509096e+03 1.222210610312217341e+03 8.898334278888377185e+02 1.083742437566304488e+03 8.658963647694567953e+02 1.445299074187284077e+03 1.105781317435167239e+03 5.639572484789447344e+02 7.799571671252089118e+02 1.682051463037966641e+03
2.673483455882356280e-02 7.329687499999998357e-02 1.214971127717391491e-01 4.924795560747663448e-02 9.908040364583334259e-02 1.372327302631576318e-02 1.434044471153845812e-01 6.194556451612902997e-02 4.303193933823526440e-02 4.936999809451220189e-02 4.076760912698412787e-02 8.696193321078432570e-02 6.010059643817204644e-02 1.877663352272724434e-02 3.514551854395603359e-02 1.129335345643939781e-01
