-1.945568708939985925e+02 -1.953148641875295937e+02 -1.888984726969401038e+02 -1.843233611495406592e+02 -2.348367887798108598e+02 -2.048400566633357585e+02 -1.872688896872780617e+02 -1.884939832051595090e+02 -2.094877559116908401e+02 -1.870194288794673980e+02 -1.793637917462517350e+02 -1.776129476373845932e+02 -1.947126780542834013e+02 -2.797596232096354356e+02 -2.033067102846891885e+02 -1.922077877338115854e+02
4.379746471751820991e+01 8.951976059422348442e+01 7.482242396036784271e+01 6.549101652922453809e+01 1.188489604749177602e+02 1.032310008559115886e+02 5.624743314222854451e+01 8.156708863576253066e+01 4.063003076825823712e+01 6.958842565052545126e+01 8.730585109486300155e+01 5.408981878107245223e+01 5.807391896741143711e+01 1.352365214029948106e+02 1.114210019318953755e+02 9.482675992525540209e+01
1.757836658304387711e+01 -4.939209730336164839e+00 6.143606372674296212e-01 2.638932282174075272e+00 -5.712447825231048881e+00 -9.581350298814999888e+00 7.006214346397999115e+00 5.462925384442026688e-01 2.942645645141601207e+01 -4.615887261148703402e-01 -3.867163330097414420e+00 1.423867587609723984e+01 5.375415362160781640e+00 -1.654439672827720642e+00 -7.016581732293836637e+00 -9.047552613111646380e+00
2.302759534662419938e+01 2.439339386333119108e+01 2.812267343521117979e+01 2.386122209054452625e+01 2.882524460240414399e+01 2.377841038759364878e+01 2.244119836796414091e+01 2.422851791530847620e+01 2.631279373168945312e+01 2.494215214430396443e+01 2.385088202181984585e+01 1.996403436227278405e+01 2.770661837479163836e+01 2.775215752919514856e+01 2.567940761732018373e+01 2.530564014728252786e+01
4.095227718353267043e-01 -9.992068391857729104e-01 -3.169372790257136252e+00 -2.042755234020728228e+00 -2.594549003400301146e+00 -2.292325258255005327e+00 -2.345514707944610144e+00 -3.808325036366781102e+00 -3.784927129745487839e-01 -4.836112990308164328e+00 -1.406115784802858037e+00 -2.279671750285409360e+00 -5.218994929872710742e+00 3.585165699323017652e+00 -8.250044998915351258e-02 2.351375858371071992e-01
1.133626034043051867e+01 1.245942107023614653e+01 1.260938794771830018e+01 1.325435897376802075e+01 1.441740608215332031e+01 1.425856467596320165e+01 1.408751140941273050e+01 1.186362292344371383e+01 2.148025076729910410e+01 1.174409644728276092e+01 1.375488879049525437e+01 1.530560592087832283e+01 1.440339487996594592e+01 1.641121037801106652e+01 1.240206008372099333e+01 1.283083208249165352e+01
-5.169437007470564005e+00 -1.564186331449130885e+00 -1.151420861879985713e+00 -1.288030576374794123e+00 -6.342495711226213695e-01 5.678030283645134624e-01 -1.181745865128257522e+00 -3.929050048192349598e-01 1.061055660247802734e+00 -1.974224914810548404e+00 -1.749597253606596681e+00 -9.273620058189744331e-01 1.094314482705345704e+00 5.439259886741637295e+00 -1.122880215230195988e+00 -1.771820494761832787e+00
3.653332764452153381e+00 5.616704556978110219e+00 5.343869954943658129e+00 6.463299984181368529e+00 6.709467373396220680e+00 6.267037143540936661e+00 5.642367482185363770e+00 6.465683805942535223e+00 2.786551730973379382e+00 5.549417983240156893e+00 4.130307314807879493e+00 5.245523498816925034e+00 7.418186911221207325e+00 1.311422538757324219e+01 6.403383975443632359e+00 4.924560002982617313e+00
2.019841703501614738e+00 -2.477626172430587470e+00 -3.143784581820169954e+00 -2.374922947475203827e+00 -3.252153799722069305e+00 -3.351467421581578954e+00 -6.785283576358447366e-01 -2.476210589210192214e+00 -2.272574918610708927e+00 -2.536313135677309205e+00 -3.434221829999895448e+00 1.475614989345723771e+00 -3.126517351331381978e+00 2.001074949900309541e+00 -2.217905849218368530e+00 -2.730688356436215880e+00
7.794032920490611360e+00 4.106892912676839202e+00 6.145271009206771495e+00 2.401897506581412767e+00 4.603001839236209314e+00 3.630237591821093179e+00 7.359912828965621046e+00 4.251518079638480607e+00 7.268230949129376839e+00 4.438797819080638085e+00 3.608831271967468002e+00 7.564433852379973899e+00 4.125658111325624766e+00 6.341148788730302854e+00 4.066765081623326061e+00 3.057637913868979318e+00
1.958163125948472416e+00 1.672140376585902644e+00 2.892164705197015184e+00 2.071269115915996828e-01 1.197515851572941159e-01 3.914753427339155989e-01 2.112799324433910275e+00 1.145222077270348970e+00 -3.448247534888131405e+00 1.214512678669459778e+00 -1.308926303158794102e+00 7.282762093977501738e-02 5.135400274704243762e-01 7.597665439049403613e-01 -9.688763514808985677e-01 -2.846703747144140317e-01
7.679696299813009830e+00 4.434121315677961306e+00 5.081375194390615135e+00 5.566054642200471747e+00 1.451334990953143667e+00 2.826375904471374767e+00 6.454117410562258961e+00 2.442346389591696809e+00 1.413846611976623535e+00 4.145078514494114685e+00 1.332060376072632835e+00 4.120484236966479585e+00 4.855525177100608936e+00 1.868217269579569573e+00 1.426200357468231150e+00 3.307193086840785057e+00
5.246207876638928624e-01 -5.449653701348740054e-01 -1.577123407522845466e-01 1.423645325281004848e+00 -7.008495895486133165e-01 -1.586623545995978102e+00 -6.098565672608948773e-01 -1.084007350603737763e+00 -3.652147088732038416e+00 9.005258897347263591e-01 -1.560111687683007231e+00 -8.842793824997823293e-01 2.803936287246902914e+00 3.690332174300758883e-03 -1.983976066112518977e+00 -4.028354055033283032e-01
3.584797326509525192e+03 2.214082390374266652e+03 2.590336805802265644e+03 2.874014584991569791e+03 1.637234494986784284e+03 1.959407946367042769e+03 3.146830658606979341e+03 2.455728547224578506e+03 3.863668874187407710e+03 2.737808657833284087e+03 2.325763938252565822e+03 3.353719136782823625e+03 2.995336152762583879e+03 1.278496033268532756e+03 1.803673575850756606e+03 2.107640907541880097e+03
1.846590909090908839e-01 9.474875710227269321e-02 1.143684895833333298e-01 1.334454571759259023e-01 5.887643914473682238e-02 7.905614098837204784e-02 1.513560901988635909e-01 1.075195312499999944e-01 1.980329241071428492e-01 1.263919659514925187e-01 1.012537339154411520e-01 1.574263139204545026e-01 1.422077047413793094e-01 3.466796875000000000e-02 7.184103260869562080e-02 8.932729867788458122e-02
