-1.465423624968725846e+02 -1.381849765777587891e+02 -1.695518391516900749e+02 -1.330794645309448185e+02 -2.039945511451132916e+02 -1.193699698099275111e+02 -1.379186154320126434e+02 -1.547752866744995117e+02 -2.217594026165242553e+02 -1.135890833894970626e+02 -1.371594071427011556e+02 -1.641050227830390043e+02 -1.375148919241769079e+02 -1.644140594482421989e+02 -1.888358009739924626e+02 -1.319228871896725934e+02
1.004045842698783133e+02 5.222456741333009234e+01 1.211331368723223534e+02 7.038629016876222977e+01 1.348018747476430406e+02 8.041990531363140349e+01 3.983598209562757120e+01 1.076001538496751095e+02 1.467828143084490193e+02 7.452698248205052778e+01 9.424594153427497645e+01 1.137531681862198241e+02 6.338615330287390748e+01 4.143008956909180540e+01 1.260433056480005973e+02 8.863976196849020539e+01
1.087462674980325339e+00 3.228419694900511416e+01 -9.487983225814765831e+00 1.832925975471733437e+01 -1.983415232828027008e+00 -2.125813465292857529e+00 4.041257622128439664e+01 -5.307282265562279555e+00 -2.511986673982053109e+00 2.104233034899539057e+00 2.621078532885733114e+00 -5.408941457126323904e+00 2.736554569516860980e+01 5.140056838989257670e+01 -1.807558986029227821e+00 3.975176032530062908e+00
2.382262253958331755e+01 1.609184615612029745e+01 2.560844075679779053e+01 1.896634440422057821e+01 2.296564805049162317e+01 2.725804782495266565e+01 1.484171196392604131e+01 2.561121489451481281e+01 2.523375752531451965e+01 2.503625813336439165e+01 2.451460656111802194e+01 2.505474063127982376e+01 1.599561072758265823e+01 -2.622348022460936789e+00 2.338363971208270797e+01 2.449280658555686685e+01
-3.244197551376565070e+00 -5.933307093381882780e+00 -2.107830965831392511e+00 -3.604629183188081232e+00 -3.098450507108982066e+00 -7.495647770602529292e+00 -1.193744963691347927e+01 -3.768504551396905100e-01 -4.324046474548033814e+00 -5.837849665695513224e+00 -3.621115790634620968e+00 -1.377704072900173493e+00 -2.753673114095414931e+00 2.627222061157223898e-01 -5.096548455102102082e+00 -5.298256216792882611e+00
7.324534289846737600e+00 1.334689447283744990e+01 3.475561604384454384e+00 8.775930565595627897e+00 8.306502584081432161e+00 1.081581002619208576e+01 1.090732833317347783e+01 3.512565763667226282e+00 8.455297181635728521e+00 8.948326477282485314e+00 8.635670099619444429e+00 4.254168473371940706e+00 1.007137076726981739e+01 1.059556794166564941e+01 8.297420114726950402e+00 9.340535147474447797e+00
-4.702235517669318909e+00 -2.849135828018187766e+00 -1.428846838012820974e+00 -5.132189194113015773e+00 -2.785970804066614459e+00 -7.479218661421687564e+00 -3.824688824159757861e+00 -2.873469426081732170e+00 -2.241507346799345157e+00 -5.752991244826521466e+00 -5.819297651449843123e+00 -1.965662755886046220e+00 -5.688866370064871170e+00 -7.905810952186582696e-01 -2.707720668804379116e+00 -6.634123943677741053e+00
4.241602657624511608e+00 1.374406701326369440e+00 3.946139931919112165e+00 1.969662328809498764e+00 3.847052061213895424e+00 2.562337208448385528e+00 -1.777948745659421625e+00 4.895202335256795934e+00 4.951052472915176139e+00 3.033218195215916513e+00 3.456354229188545624e+00 5.096630691480235065e+00 3.841234190123414827e-01 -2.711127614974975231e+00 2.522509967698188582e+00 2.800391851420247491e+00
-4.642238611647907298e+00 -3.643554882705211551e+00 -6.229448043651158784e+00 -6.131356456875802330e+00 -3.379103241918178568e+00 -7.659739884298017998e+00 2.777916647139040407e-01 -5.704495510229698141e+00 -2.770768624327983431e+00 -6.975383541113893138e+00 -5.483419349765390471e+00 -3.965997886382225168e+00 -3.747379818984440725e+00 8.334064435958859818e+00 -2.697947299570070179e+00 -5.770188951164211488e+00
1.280203433445663119e+00 7.253907045722008284e+00 2.539962549363413924e+00 9.228339374065404055e-01 1.850948404234189715e+00 1.238938288717735370e+00 6.683419393641607975e+00 1.583865115562311354e+00 4.187682464534854709e+00 1.684602385255652868e+00 1.416570298403986516e+00 1.714944139248183674e+00 4.535318664142065082e+00 2.864558720588683993e+00 1.225569625994317402e+00 1.426267018832198641e+00
2.515286320866632064e+00 -1.817001786828040810e+00 2.807082298782564322e+00 8.271764740348030998e-02 2.627604106011299123e+00 1.437276572352501613e+00 -7.462087696506860546e+00 3.132745899546605983e+00 1.110477085098808603e+00 1.179394123629785796e+00 2.147711514942045596e+00 2.762475687666101187e+00 -5.322007426193771096e-01 -5.363594001531600597e+00 3.846816275072729052e+00 1.882184557411649362e+00
-5.012607874949120967e-01 3.977763974666594038e+00 -5.399295351197652693e-01 -6.192650757730008282e-01 -3.468280996267623095e-01 -2.327582416011067412e+00 9.068177904401506950e+00 -8.282096400283858184e-01 -1.181305060416093289e+00 -1.189488483146886599e-01 -3.021204098453373899e-01 -1.669286204987214584e+00 2.007209363154001558e+00 1.023225984573364222e+01 -1.993025329328122597e+00 3.196639962699426296e-01
-3.063076044163428602e+00 -7.135477373003960011e+00 -3.440620168562859238e+00 -6.276608613133431547e+00 -3.694515638913100197e+00 -4.831778580459155314e+00 -9.143568969908217881e+00 -1.679111436869088259e+00 -2.943346977969746980e+00 -4.163960963067875554e+00 -3.189493571355091817e+00 -2.229165757215826105e+00 -6.887126120499204696e+00 -9.473173904418944247e+00 -4.690159359820795792e+00 -3.470849003540267042e+00
2.161971479351936068e+03 3.812429928133718477e+03 1.721689163532562361e+03 3.064826708323339517e+03 1.435873629161086455e+03 2.644687436661229640e+03 4.410745029521115612e+03 2.005975710238217289e+03 1.253841076546180375e+03 2.830064683584068462e+03 2.311982039838508172e+03 1.859482954658115432e+03 3.397332042690311027e+03 4.953322226143924127e+03 1.586819917010536756e+03 2.467203095635219142e+03
9.119156766528924152e-02 1.642089843750000333e-01 7.913700226814521232e-02 1.302368164062500111e-01 6.089430588942305184e-02 1.224156821646341653e-01 2.245628720238094789e-01 8.582481971153844980e-02 5.234254436728393023e-02 1.208255391725352457e-01 9.641371316056909779e-02 8.350430015756306334e-02 1.416294642857143238e-01 2.783203125000000000e-01 7.205636160714284921e-02 1.062840452981651390e-01
