-1.931795821608158690e+02 -2.459395402696397355e+02 -1.946198646545410043e+02 -2.636620804224258450e+02 -1.921924797693888252e+02 -2.261899566650390625e+02 -2.371450309753417969e+02 -2.199773926205105283e+02 -2.888276786804199219e+02 -2.082898264567057254e+02 -1.976443980534871514e+02 -2.122735023498535156e+02 -2.022841408865792516e+02 -1.769906559396296757e+02 -1.777895671108312285e+02 -1.983061805138221132e+02
1.024588991131699061e+02 1.412913348727755931e+02 7.342345530192056913e+01 1.128474700145232390e+02 8.567796691258747899e+01 3.591004180908203125e+01 5.544647598266601562e+01 1.297586144341362910e+02 1.409398317337036133e+02 7.010524393717449243e+01 8.127947934468588187e+01 1.406017416545322760e+02 1.260700532095773099e+02 9.526216661169175381e+01 1.213427164178145716e+02 1.091022673386793826e+02
-3.349019579301801741e+01 -1.468961551454333225e+01 -4.552874859174099953e+00 -1.527957788568277842e+01 -1.211293280497194580e+01 2.737351226806640625e+01 2.008970308303833008e+01 -2.769442792402374565e+01 7.416768014430989098e+00 1.204145536422728924e+01 -6.624391903479907029e+00 -2.951051396983011443e+01 -4.121019531658718904e+01 -2.387171546449052428e+01 -4.140445901636492465e+01 -2.941373477348914989e+01
1.275471821375060522e+01 1.719720840917693039e+01 1.666425240238507399e+01 1.523239587820493135e+01 1.739855880662798882e+01 9.592144012451171875e+00 1.585509276390075684e+01 1.524766219821241009e+01 1.986492741107940674e+01 1.605945722262064379e+01 1.582666183511416058e+01 1.809046540941510983e+01 1.493608956081526529e+01 1.523699497415664261e+01 1.402202401767697104e+01 1.394788537736122258e+01
7.284548633976985599e+00 1.663521788914998467e+01 9.900708915044862835e+00 1.088900127166356668e+01 9.219285744552809803e+00 8.783981323242187500e+00 8.101096659898757935e+00 1.258573007707794389e+01 1.865915513038635254e+01 9.338974491755166696e+00 7.935930033524829952e+00 1.544593972393444403e+01 1.096118203060967566e+01 8.615976879571345393e+00 1.108967325143646754e+01 1.090443416558779077e+01
9.934931834538780038e+00 1.677780956692166114e+01 1.344876065254211461e+01 1.322883025232033916e+01 1.437885669743021388e+01 2.906444168090820312e+01 1.431757372617721558e+01 1.401118371304538535e+01 1.787492728233337402e+01 1.537163778940836600e+01 1.285661891599496265e+01 1.541105893680027705e+01 1.195655710015978102e+01 1.171173744696251973e+01 1.250562957295200306e+01 1.244892096886268007e+01
-2.247472684634362228e+00 6.035805282327862287e+00 -7.464145809412006116e-01 -1.585661172866819069e-01 -1.924407688279947237e+00 2.573658466339111328e+00 -2.079183906316757202e-01 4.201044373835122414e+00 4.616431593894957608e+00 -3.590207902590433431e+00 -9.028914111355943461e-01 7.538378066250260190e+00 3.354798823595046109e+00 -7.139662504196149229e-01 3.379091796906370071e+00 3.949725849124094967e-01
3.456130458597548749e+00 8.138275874654450348e+00 3.971126729249954135e+00 6.079431180770580312e+00 6.549106018617747438e+00 5.950654983520507812e+00 9.338201761245727539e+00 6.417251212522387505e+00 1.095035341382026495e+01 4.980090155204137226e+00 5.491303329666455291e+00 7.772286678531338922e+00 5.156842209185873216e+00 4.051005340637042096e+00 4.528998695706065725e+00 4.101532853566681069e+00
1.085496396349187265e+00 4.707293751504685098e+00 6.442712565263108981e-01 4.130647112161684120e+00 1.391505378608902888e+00 4.999087333679199219e+00 3.533876940608024597e+00 2.314636025577784029e+00 8.519364207983016968e+00 2.039645195007324663e+00 -3.061854516466473441e-01 3.439469959586857861e+00 1.055251069154056420e+00 -5.294583330446109848e-01 -2.371270719327611687e-02 9.492126604685399149e-01
7.642178146201267452e+00 8.575500037272771436e+00 2.541247367858886719e+00 7.203237874385638229e+00 5.988975801194707849e+00 -4.512057304382324219e-01 2.323588311672210693e+00 5.792631308444672555e+00 1.075231829285621643e+01 7.810190161069234804e-01 3.895140563448270310e+00 6.949557305446693256e+00 5.846520172698157047e+00 4.746276178258530543e+00 5.199732324533295369e+00 6.524293335125996407e+00
1.586094725550265094e+00 -5.440941353639028311e-02 -3.470372140407563144e+00 1.236495514710742372e+00 -8.426222950220885188e-03 2.368795871734619141e+00 -1.696943432092666848e+00 -2.873843098266259943e+00 2.176793005317447793e+00 -3.553253646691641343e+00 -1.464066122968991523e+00 -1.411977500787803264e+00 -1.617512576069152441e+00 -1.510652313841150285e+00 -2.214988543799051524e+00 -2.191037599857056373e-01
2.966370189921899048e+00 5.820127931899495621e+00 -2.838271369536693456e-01 3.036308737901540766e+00 1.985191320379575686e+00 -1.561392068862915039e+00 2.338438868522644043e+00 2.857563772135311542e+00 5.166971653699875766e+00 -1.387824507554371145e+00 9.314162010947875103e-01 6.427775311682903947e+00 3.739572913306102198e+00 4.214574498064984631e-01 4.931455958307836340e+00 3.534321892261506726e+00
-5.522542984862072402e+00 3.362986379199557341e-01 -3.631118919452030802e+00 -1.017045815785725615e+00 -3.334511984139680418e+00 -5.105600833892822266e+00 -6.482374817132949829e+00 -9.327948871586030366e-01 -1.624412879347800986e+00 -6.575363059838613466e+00 -6.010507792234419000e+00 9.508300647139567019e-01 5.300147688814624836e-01 -4.259894374837267073e+00 1.401024778683984451e+00 -1.989330049661489186e+00
1.927956819381161722e+03 1.231999280266300275e+03 2.563445014059987898e+03 1.660868569711250302e+03 2.224783096727422617e+03 4.318332929770878764e+03 3.406681457506565494e+03 1.471543048758765508e+03 1.022749791219742747e+03 2.845705688080631262e+03 2.382858494609196441e+03 1.354168308104136486e+03 1.590709916025241455e+03 2.061197675974122376e+03 1.688403338449365947e+03 1.809712747772745615e+03
1.009628563596491196e-01 4.752604166666668517e-02 1.023274739583333176e-01 7.567107371794873361e-02 9.353637695312500000e-02 1.318359375000000000e-01 9.863281250000000000e-02 6.929524739583332871e-02 2.743530273437498612e-02 9.586588541666667129e-02 9.952799479166667129e-02 6.176757812499999306e-02 8.585379464285715356e-02 1.024351728723404131e-01 9.526624177631579093e-02 9.300631009615384359e-02
