-4.712872428504318378e+01 -1.020567954825419719e+02 -4.635140349413894967e+01 -1.277373403056283792e+02 -1.214588862101237083e+02 -8.561313750645270204e+01 -5.229669670377455759e+01 -9.373953072520066598e+01 -1.139868926496694854e+02 -6.781575879033489684e+01 -7.436894396373205041e+01 -1.629938490390777304e+02 -4.906591988934407311e+01 -5.642970641576324908e+01 -1.536522117897316093e+02 -1.067710182189941435e+02
7.520721116432778786e+01 1.101486536661783475e+02 3.265984535217286577e+01 1.304253075417507262e+02 4.055277252197271309e+00 9.187436664552616605e+01 5.407944842747276937e+01 1.006795204886554984e+02 1.176573723799344720e+02 8.224072127411332644e+01 3.074882214409966252e+01 1.570399947166443155e+02 6.661333024766710764e+01 4.273333928034850260e+01 1.399877919797544052e+02 1.897846174240113726e+01
-6.571343642874403201e+00 -1.104933589774799074e+01 -7.905958601751843062e+00 -4.579294510102003279e+00 3.345878817240397041e+01 -8.624445486785774051e+00 -1.441538185903004887e+01 -1.504453405585599235e+01 -8.219318724157202993e+00 -6.369761460933131225e+00 9.320051299674172895e+00 7.528291041031471842e+00 -8.519306981232434239e+00 -1.250962728261948698e+01 2.958385830124220739e+00 2.757403810024260693e+01
2.384380689836465095e+01 2.507953108214084992e+01 2.531086068540005840e+01 2.888371886564104329e+01 1.129435834884643164e+01 2.217145923138560804e+01 2.694114206177847493e+01 2.337987906632631763e+01 2.657959827918879725e+01 2.421635335575842873e+01 1.475905057362147588e+01 3.900137451291084290e+01 2.341406961547003718e+01 2.329622710393024931e+01 3.564743820826212328e+01 1.548824648857116593e+01
7.630761896188511528e-01 2.651422556708844525e+00 -2.520414017342230473e+00 9.820458965020225861e+00 1.117621483405430993e+01 2.782122417724224306e+00 -5.660229959658158450e-01 2.104284414083421595e+00 5.308263530202261826e+00 8.945360393195955773e-01 6.380113082272664826e+00 1.257794609479606507e+01 -7.659963654147188272e-01 -3.060358964938378001e+00 1.243000881097935562e+01 7.294216454029082364e+00
1.593565331915250205e+01 1.612057818034115542e+01 1.562478503182127731e+01 1.564130953054749718e+01 1.798809611002604214e+01 1.396032462375504046e+01 1.599279763251543152e+01 1.470917847012951185e+01 1.678141574966196004e+01 1.499045345791871675e+01 9.318321772984099027e+00 2.081146624684333801e+01 1.708980018960104630e+01 1.454735096601339706e+01 1.728756098394040919e+01 1.651111650466918945e+01
-7.061075828754558970e+00 -9.384564262589600858e+00 -8.028063334323267242e+00 -7.413341198744401339e+00 -3.945354874928794775e+00 -8.066647826056735582e+00 -1.329486406530652864e+01 -8.591334904197360345e+00 -7.660086026452237462e+00 -6.855504051282786726e+00 -4.729599729180335999e+00 2.676594397052767249e-02 -6.656578103701274784e+00 -1.157358477574128663e+01 -2.972091685290693341e+00 -8.782254862785341842e+00
3.326113912921684790e+00 4.597531112775300244e+00 -3.039858389545280204e-02 4.554763900430010892e+00 8.423909866809847102e+00 2.649177331225314624e+00 4.994495317659206179e+00 2.601495637293277152e+00 5.136191939083953883e+00 3.528999706973197981e+00 -1.512189518128126409e-01 4.581209709867835045e-01 4.332812375161381624e+00 6.837588842098476505e-01 3.212772127654817123e+00 6.041257667541502840e+00
-4.141055076168132842e+00 -2.040422936864928705e+00 -5.528577498487520003e+00 -1.065722054310036526e-01 -3.605804268519085198e+00 -2.506775849519813359e+00 -4.418097401091030108e+00 -3.245627838982281244e+00 1.011251189653427307e+00 -4.269371122391757645e+00 -6.364847523825510223e+00 -1.330887563526631068e+00 -4.808721253938141871e+00 -5.318458204086006447e+00 -3.211329482219835718e+00 -7.410398375988007658e+00
2.638014140897070980e+00 1.200551149697084874e+00 -5.741721552771572590e-02 1.949222182122508418e+00 7.080114730199178474e+00 7.094949985805303339e-01 -4.424128777214466623e-01 9.499343918622837890e-01 2.398566516029912776e+00 2.718551012916845533e+00 -3.197567658764975285e+00 4.784592781215897261e-01 6.950379442837493205e-01 -9.941015218312931889e-01 1.501011357263281720e+00 2.641390919685363325e+00
-1.171321149628891778e+00 -1.140719685873950562e+00 -3.511781571684654324e+00 1.314510164635907197e+00 2.241553012530008715e+00 4.267650887485596733e-03 -1.510511326789851783e+00 -9.490700620804347620e-01 -1.023206265754254218e+00 -8.929769774709921393e-01 -1.172808229923248735e+00 1.065198607742786185e+00 -1.964760494563309479e+00 -3.767006648962309967e+00 2.450021468930778212e+00 3.186390399932792494e-02
3.742504968952673039e+00 -4.161293584536909229e-01 -4.167081314164240879e+00 -6.543751961729527000e-01 1.000343065261840714e+01 4.202387692784903095e+00 -4.888251785721275944e-02 1.607470852832722175e+00 -5.905961076550163558e-01 3.690155504406360532e+00 5.234132051467895508e+00 -3.717134790495040253e+00 2.787495340241324726e+00 -1.247386677276631772e+00 -7.944909535624380403e-01 9.024816179275513051e+00
-3.449665646713512057e+00 -3.418698372404558317e+00 -4.074928362224552458e+00 -2.852888858887585588e+00 -2.497956792513518209e-01 -1.784080246337372833e+00 -3.503260724033627316e+00 -3.931297380014926013e+00 -4.567244358508790292e+00 -2.840650530828932041e-01 -2.180578545800277102e+00 -6.251112041994927537e+00 -1.833303904202247869e+00 -3.720695438293308843e+00 -4.294815348806203303e+00 -1.769939148426056041e+00
2.675249252495044857e+03 1.848301808349278190e+03 3.704417463378850698e+03 1.431219164420983361e+03 5.385717805530839541e+03 2.199816252597552193e+03 3.149614049471310864e+03 2.023603199296151161e+03 1.662857140414628248e+03 2.410251558521863899e+03 4.172306934963060485e+03 9.424168447280985674e+02 2.895630331604483217e+03 3.420545824272051505e+03 1.188016651433772950e+03 4.774083700231313742e+03
1.166616586538461731e-01 7.975898692810465263e-02 2.054212415540541126e-01 5.509348665730345179e-02 3.555338541666667185e-01 9.359213463345866790e-02 1.666713169642857761e-01 9.215684876824820071e-02 6.780318708609280043e-02 1.043329653532608647e-01 2.132045200892857539e-01 3.761291503906255551e-02 1.381998697916667351e-01 1.874774639423077705e-01 4.202835648148156578e-02 3.026855468750000444e-01
