-1.250940200805663949e+02 -1.836752568295127332e+02 -1.028715078353881580e+02 -1.072867431640624858e+02 -1.155766834803989696e+02 -1.742505306375437613e+02 -2.026450219405324731e+02 -1.118441262678666419e+02 -1.422421292844026084e+02 -1.140263767731495221e+02 -1.008211998572716084e+02 -1.865184627956813870e+02 -1.044958223285096892e+02 -1.462452158720597026e+02 -1.286864533424377441e+02 -1.578174198519798779e+02
1.292408641815185604e+02 1.475412056906181135e+02 1.039551183700561268e+02 8.846809683905705413e+01 1.177180450439453097e+02 1.450291769093480241e+02 1.599903359664113509e+02 1.147380116202614460e+02 1.382073739093282825e+02 1.096750760200695964e+02 8.321530796931340035e+01 1.546990776909721887e+02 9.754240926106768939e+01 1.341182398588761089e+02 1.216561946868896484e+02 1.415317368045929811e+02
-3.710452525615692565e+01 -1.002124518051480528e+01 -3.611716501712799499e+01 -3.419271045260959596e+01 -3.406580854143415849e+01 -1.602279534011051609e+01 5.387635085927836798e+00 -3.510141878642819790e+01 -3.125783082194950779e+01 -3.643156031958568519e+01 -3.860137895437387812e+01 -4.831148293283234807e+00 -3.600740672602798753e+01 -3.325745132695074346e+01 -3.396179403364659066e+01 -2.256291316497710753e+01
5.632903413772582724e+01 4.296294282612046800e+01 6.512081928253172691e+01 6.387179332309298729e+01 6.156480244227817877e+01 4.551613225608036117e+01 3.569692993164062500e+01 5.981867738203568052e+01 5.057295276807702322e+01 6.105152355096278427e+01 6.284526678232045782e+01 3.915312589009602107e+01 6.248046967477508673e+01 5.063218734575354318e+01 5.770522522926330566e+01 4.952700870267806010e+01
-3.935077477246522015e+00 3.676274930175980060e+00 -6.818572033941747712e+00 -1.017895462115605554e+01 -5.012447220299923956e+00 3.285194290095361680e+00 9.871871146716575396e+00 -6.170461504635488481e+00 -2.738601866623628922e+00 -6.245133395378408281e+00 -1.198811631936293054e+01 4.297900679376386535e+00 -1.106013722491986684e+01 -2.807609480360278020e+00 -3.689699873328207147e+00 7.500250084746238333e-01
1.264058506190776754e+01 9.227663508632723222e+00 1.450410972833633139e+01 1.533736592365635687e+01 1.334424991267067995e+01 8.514838583510490722e+00 1.360304131005939432e+01 1.353751382502642286e+01 1.037806934766147293e+01 1.232204211522371295e+01 1.568033056992750929e+01 8.471718011299765649e+00 1.547483331506902005e+01 9.689505163094269236e+00 1.310529278963804245e+01 9.539422613959153807e+00
-1.061883701682090653e+01 -5.399998588520185550e+00 -1.116559443473815705e+01 -9.677441535724533139e+00 -1.005155205386025585e+01 -6.845371910724144193e+00 -4.496509681014640769e+00 -1.067056439952416724e+01 -9.452816954125529136e+00 -1.065662094721427344e+01 -1.354459590178269579e+01 -7.532802976502310344e+00 -1.117795555158094700e+01 -1.051779734051745763e+01 -9.963928493205457926e+00 -8.733972163450333781e+00
1.438130630254745412e+01 1.505424393687331808e+01 1.407743321061134267e+01 1.469122462802463147e+01 1.357686755316598060e+01 1.591148094884280439e+01 1.601005305741962559e+01 1.388251734050837349e+01 1.364339712650879477e+01 1.369023975500693702e+01 1.103659359308389476e+01 1.636188750796847913e+01 1.130289276802178833e+01 1.358120911924735452e+01 1.350105825066566467e+01 1.430774431074819297e+01
1.679873980581760851e+00 2.865673711425380521e-01 3.471827685832976851e+00 2.675829225116306276e+00 1.710951573508126433e+00 1.648165173057851929e+00 -1.265385359525677655e+00 2.604950161142782328e+00 2.448249358521855434e+00 2.542073095074066202e+00 7.799728329365072099e-01 -7.033168342378386395e-01 3.617227030522893294e+00 3.971236814623293476e+00 1.316168425604701486e+00 2.105721575598563433e+00
4.050304307043552043e+00 5.770747957522408100e+00 4.052580247819422610e+00 4.294408109452989564e+00 3.331349788393293210e+00 5.389945421753258081e+00 6.598092778732901564e+00 3.994459940628571459e+00 4.525802595459897937e+00 3.993107704015877779e+00 4.744903683662413663e+00 4.782692931758032451e+00 3.436458022305459714e+00 4.140959677488907253e+00 2.114385407418012175e+00 5.693056774716223956e+00
-6.375871804356576078e+00 -6.252975478506923146e+00 -8.109685370326040754e+00 -7.946622676319546663e+00 -8.496094429492950795e+00 -7.030806124724191086e+00 -5.955230036848470299e+00 -7.109304799274965170e+00 -6.076584098779637344e+00 -7.202910637244200664e+00 -8.020816124402559311e+00 -6.694151132305464103e+00 -8.152872851400664089e+00 -7.201720312885616870e+00 -7.549029566347599918e+00 -6.580073496026377811e+00
8.769444450736043617e-01 1.156202065072168939e+00 1.996646730601787212e+00 -2.644357217682737904e-01 7.013360530138016413e-01 1.010665884305690820e+00 9.062900825550634920e-02 4.267683883620932761e+00 1.147622665633326156e+00 4.271342052863193572e+00 1.317848580387922741e+00 1.435831750101513649e+00 2.423267443974811641e+00 -6.702535891014602676e-01 1.674298595637082609e+00 4.652886188799327805e-01
3.497296296060075083e-01 -1.847049562554612390e-01 -2.850740782544017193e+00 -4.578340854909686009e+00 -3.632077919585364079e+00 1.658972329106825905e+00 9.988894211618521979e-01 -2.154901519079101213e+00 7.917586487272532114e-02 -2.990508600687368457e+00 -4.692083808091971342e+00 1.685886256562340479e+00 -3.053665516051379925e+00 -6.909342314238131610e-01 -1.385739255696534888e+00 1.482502289356720793e-01
1.680279312622450107e+03 1.187896893163166624e+03 2.121275497056489712e+03 2.397324641514325776e+03 1.857003155468157502e+03 1.280943313746726517e+03 9.208418201904439684e+02 1.937202635152196763e+03 1.492477824697184587e+03 2.016642333871515802e+03 2.560510550163547578e+03 1.085120220897762465e+03 2.268626267551147521e+03 1.580046593634075180e+03 1.780346941348410155e+03 1.378772235003018977e+03
1.035278320312500028e-01 4.329427083333326626e-02 1.456909179687500000e-01 1.805013020833333148e-01 1.273018973214285754e-01 5.451070851293099429e-02 3.320312499999996531e-02 1.275745738636363535e-01 8.234969429347825665e-02 1.388972355769230727e-01 1.780724158653846090e-01 4.078776041666664492e-02 1.597271543560605522e-01 8.840013586956521618e-02 1.153259277343750000e-01 6.613848286290321954e-02
