-3.430307220292219768e+02 -2.059432557518801445e+02 -2.473575408935546989e+02 -1.958858675073693973e+02 -4.480409772149446326e+02 -2.591443371582031432e+02 -2.818823757749615879e+02 -3.093490656868356155e+02 -3.101850986056858233e+02 -3.323344220248135343e+02 -1.793627653121948242e+02 -1.993189194202422527e+02 -3.605602737818009018e+02 -2.910057311476322752e+02 -4.114443703041417848e+02 -1.668966417704541243e+02
1.946015223935653751e+02 1.492489933754081335e+02 5.578396339416504190e+01 1.055773188273112169e+02 1.288136687443174537e+02 4.550106491088868665e+01 1.441925390994910288e+02 1.799879992125464412e+02 1.536780704922146299e+02 1.878332561146129365e+02 9.665464515686036862e+01 1.333137958049774454e+02 1.991189457820012194e+02 1.705960681312962777e+02 1.637062986906584570e+02 1.182335893813878158e+02
9.413285026703398728e+00 -3.023078102851979665e+01 -2.087173857688903666e+01 -2.313657170754890302e+01 1.291851249645498001e+01 -1.297195262193680065e+01 -2.818069783214365032e+01 -1.516548324070991072e+01 -2.344511602520940841e+01 -3.542341052469867080e+00 -2.640246337652205000e+01 -2.490031014941630971e+01 2.618818724461092629e+01 -2.549812879269581245e+01 2.394115942448111056e+01 -2.238939028243494178e+01
2.326706431903799199e+01 3.300436086797002133e+01 1.944252500534057759e+01 2.497369523401613378e+01 1.510436839070812454e+01 2.191232475280762060e+01 2.654431047403451061e+01 2.468525986397851923e+01 2.562661012013753492e+01 2.471172366088086747e+01 1.880987007021903423e+01 2.836616781353950500e+01 2.268962297072777545e+01 2.888997893898110192e+01 1.706427121377205225e+01 2.997455753692208447e+01
1.561623979363936066e+01 -4.488507280598829752e+00 -2.798589402437210438e+00 -4.857185521611464551e+00 2.024370502603464672e+01 3.146405601501438554e-01 -1.584006602113943174e-01 8.203931206806757359e+00 2.883372447888052470e+00 1.367473356518894079e+01 -6.949312084913255916e+00 -4.685122667811814523e+00 1.878229965307773242e+01 2.640467494334040488e+00 1.695277192141558231e+01 -5.077709478874732341e+00
-5.010240262811930245e-01 8.891061989229102069e-01 3.139850878715514604e+00 -7.012116599965987351e-01 8.203520242510178306e+00 3.763075728416442445e+00 1.461530434362815267e+00 -6.108587484379303101e-01 1.415717613034776390e+00 -1.950067801824336255e+00 -1.882658661901952746e+00 -1.465540584176780348e+00 5.254529645809759231e+00 -1.964445769394696617e+00 2.514224436100536586e+00 -5.039812208038499941e-01
5.436623835905651347e+00 -1.357795985776989678e+00 1.785896185040473538e+00 -3.800455942198084802e+00 9.863285103748582472e+00 -4.818378818035129463e-01 8.463205035888756722e-01 4.662978776409974380e+00 3.283737656142973638e+00 5.667873975905502348e+00 -4.187253365665677407e+00 -4.287783611565831876e+00 1.016665690984481252e+01 3.378746756662922124e+00 4.785520302786213875e+00 -5.774681844939927089e+00
1.468449203694452088e+00 1.990502444665822157e+00 6.081247639656066184e+00 -1.145973509660474621e+00 5.355904831968503643e+00 6.592991048693656708e+00 -9.440436923142645487e-01 1.782398191631816342e+00 -2.561046272516263045e-01 -6.704754082655255409e-01 -2.873080718517305066e+00 -7.289749134797616215e-01 6.826980827710566579e+00 1.581726273946593597e+00 2.648041996332975323e+00 -7.619803756067256018e-02
-2.929760156138250249e-01 -4.983378954342944311e+00 -4.605859196186067095e+00 -8.310525598349393306e+00 -1.264990140651834905e+00 -6.679711935520168176e+00 -6.173559113885419336e+00 4.875780324466960636e-01 -3.599925323327385129e+00 -2.068037394095525450e-01 -1.143743014931678381e+01 -7.352481013163925105e+00 4.454261260919078147e+00 2.379449343929683991e+00 -8.420731151426155137e-01 -7.282722595619826045e+00
-4.889629921860632056e-01 -1.212532084379623454e+00 -8.563103103637693891e+00 -7.631228246070723698e-01 4.516839245270046099e+00 -1.112245340526103377e+01 -7.598638534545931744e-02 -1.609129235636983291e+00 8.326500886016491298e-02 -6.397853138094603542e-01 1.840334079414605251e+00 -1.623990135267384949e-01 2.784129735751028178e+00 -1.812736415549333902e-01 9.787316930455127739e-01 -1.503580428149602799e+00
-5.327111428511924984e+00 -8.605041216113672675e+00 -9.461173892021177423e-01 -3.704600130656253487e+00 4.935773138342232080e+00 1.569508156776427299e+00 -5.121845982291404198e-01 -7.687098629161953411e+00 -2.670653640892769687e+00 -6.444101950407705282e+00 1.088059636950490905e+00 -5.268041672650723761e+00 -2.823842024191831612e+00 -8.919292328781194712e+00 -1.013511202088344554e+00 -7.793005948197352595e+00
4.255645797878012004e+00 2.772916090577322024e-01 2.092638462781905773e+01 4.020426913543985847e+00 6.177514669710189921e+00 2.472915860652923925e+01 4.035795428987702493e+00 4.529839566008062590e-01 2.208426474779844106e+00 3.647745882584290555e+00 2.662724068760870200e+00 2.879726184532046762e+00 2.772664611156169023e+00 -2.117700518484712635e+00 5.728299342028732255e+00 6.686384330873629267e-01
5.948132868347276059e+00 -2.022992988575758488e+00 3.808476221561432951e+00 -1.708410602476856610e+00 4.572692761133454908e+00 5.552080259323121325e+00 -1.368760345560140035e+00 1.712615475791397390e+00 1.980667744742500513e+00 4.594391577919430425e+00 -5.099818261712791845e+00 1.981535543687642731e+00 5.097243072894904081e+00 -1.904984327000471822e-01 8.276743039891529818e+00 -1.924074145212571807e+00
6.225160851014403534e+02 1.256342287413871873e+03 2.776005509552099284e+03 1.928605041334057205e+03 8.733782559507188807e+02 3.088494220632045653e+03 1.355718197676000955e+03 8.448685474991190176e+02 1.134122496639498422e+03 7.259948694020697531e+02 2.233777574004704547e+03 1.494170474830108560e+03 4.651550965839389846e+02 9.816940594396544384e+02 6.753385822963159626e+02 1.696919427523131162e+03
2.784537226775952307e-02 6.471548507462686339e-02 1.764648437500000444e-01 1.062282986111111605e-01 5.169046336206933878e-03 2.120898437500000344e-01 8.012991240530308035e-02 4.342101050204921764e-02 5.530056423611111327e-02 3.555297851562504163e-02 1.274658203125000333e-01 8.615112304687504163e-02 1.816656650641029075e-02 5.422063459429824622e-02 3.171628659909913467e-02 8.734214469178086526e-02
