-3.553561538384885239e+02 -4.225621948242187500e+02 -4.319705980088975252e+02 -3.600800264036500380e+02 -3.832237042513760343e+02 -3.997974141438801894e+02 -3.362074107776988399e+02 -4.078014960038034360e+02 -3.428143960275957625e+02 -2.810988383191696585e+02 -3.035013347424958283e+02 -2.666861300998263573e+02 -3.736829081944056270e+02 -3.632039583991555673e+02 -3.445498908862733174e+02 -4.804982788085937386e+02
2.633115580860444638e+01 6.954231284646427014e+01 7.793665949503581203e+01 4.964997608011420027e+01 1.542304224791846678e+01 -4.217127561569206762e+00 5.711583633422851847e+01 8.916842229742752579e+01 4.298571125922664748e+01 6.981579127210252977e+01 7.624827394987407558e+01 8.856170611911349511e+01 1.237069290024892609e+01 5.974149973252240642e+01 3.572475550258369736e+01 9.170686187744141193e+01
5.958439333098274560e+00 6.792927729382238056e+01 7.476592914263412126e+01 2.127426353445303775e+01 1.037294052947651224e+01 1.376159005694919202e+01 1.590383598154241440e+01 6.433346763410065705e+01 8.122784247321515494e+00 8.468259110095672781e-01 1.400180089473724365e+01 1.161329539948039624e+01 1.339803315166916242e+01 2.530019596394370751e+01 1.050286776245686049e+01 8.065578460693359375e+01
2.849214462358124322e+01 3.728807494219611840e+01 4.059024365743001539e+01 2.538964690171279059e+01 2.889120702310042077e+01 2.780216174655490491e+01 2.351099697568199787e+01 3.750938345256604833e+01 2.488761042779491817e+01 2.245744805767181163e+01 2.432079741829319985e+01 2.511306831571791065e+01 2.589229437283107060e+01 2.814848352179807733e+01 2.593150978757623903e+01 4.829630966186523722e+01
4.067514886661449935e+01 2.856889522776884149e+01 2.956415679719712841e+01 3.490298476776519010e+01 4.170591397718948201e+01 4.070067045423719776e+01 3.464403551275079707e+01 3.197643229835911782e+01 3.562116256836922190e+01 2.825096154720224462e+01 3.210737138045461592e+01 2.889737574259440223e+01 3.981443234852382318e+01 3.385356524411369605e+01 3.778367393895198489e+01 3.230572204589843466e+01
3.581268274358333947e+00 1.239370822906493785e+01 1.222403875986734434e+01 6.121009794148533523e+00 7.645856007933615750e+00 1.205289959907531738e+01 5.329654440012841832e+00 1.081420360740862208e+01 2.044859591991681214e+00 3.429260405454225502e+00 4.051817037557295720e+00 6.280381802055570617e+00 1.179513045719691178e+01 6.443004696684722532e+00 4.871675299447875140e+00 1.578603191375732351e+01
-1.321572263386785551e+01 9.651685180032949063e+00 9.541937990321052609e+00 -4.692504255028518756e+00 -1.234124618226832126e+01 -7.252761999766032197e+00 -6.955995485999372008e+00 4.256761070929072410e+00 -1.053828159647603968e+01 -7.472416068645234333e+00 -7.135000205353685843e+00 -6.984261214733123779e+00 -1.124436095782688838e+01 -2.176550556302949246e+00 -1.194915529301292700e+01 5.107482051849363991e+00
-1.982127089889681670e+00 7.585492137600390095e+00 8.964258693986463911e+00 -1.169478417991050678e+00 -2.925568290732127874e+00 7.393559349907765643e-01 -7.148602388121867435e-01 4.301991905820997886e+00 -1.180419915746298454e+00 -2.807293108169068407e+00 -3.359594221177859108e+00 -2.065587143103281065e+00 -4.241299554705624253e-01 -1.463380287237084354e-01 -2.300304855171002139e+00 5.243644762039183504e+00
6.094135267393927080e+00 -1.308652297538869691e+00 -8.685126304626469285e-01 1.700340060444622270e-01 9.500340001149599090e+00 1.301939778857761176e+01 -1.530199083414940375e+00 -4.066599789418671840e+00 -9.547086223479231970e-01 -1.070632163007210025e+01 -5.535659646517347099e+00 -4.202007985777322041e+00 9.042526968887878880e+00 -2.406602771404906971e+00 2.566313166367383936e+00 -6.615941715240477805e+00
7.983222760716271793e+00 -1.012149274699827650e+01 -8.206019547250530621e+00 7.364184829321847037e-01 6.167660759253944747e+00 7.814930386013452690e+00 -1.804450237209147545e+00 -6.076496331315293986e+00 2.697832985270416373e+00 -1.342567580811520944e+00 5.514074642407241766e-01 2.118161400159198848e+00 3.589294595377785946e+00 -1.108097898609494036e+00 3.220326295024479535e+00 -6.861390209197997692e+00
-5.033022470012002536e+00 -5.739563659710041676e+00 -4.023192587825985989e+00 -6.089578863862272762e+00 -7.920746567574412644e+00 -7.625660015477073728e+00 -6.768127486922523417e+00 -3.757837223379234537e+00 -5.452760107094242414e+00 3.048667252063756550e+00 -1.395858996792780360e-01 4.860026968850039708e-01 -1.021027152240276337e+01 -5.404858518830114811e+00 -6.847055822088007560e+00 -1.850556582212448120e+00
-2.903328807986511606e+00 3.199069145847770468e+00 6.110061346656744163e+00 -2.204772141846749189e+00 -4.451285035772761134e+00 -2.353925587402450059e+00 -7.509247346357855735e-01 6.736552037690815453e+00 -1.910482858457872357e+00 5.353925508387548327e+00 1.659439325332639825e+00 3.652310291926067709e+00 -4.145758355302468168e+00 -1.186746840091314592e+00 -2.770661748030733396e+00 5.790290415287017822e+00
1.561430297944009737e+01 -5.584485810469184131e+00 -4.384713222583140890e+00 8.200336552285524050e+00 1.206647622043435497e+01 7.497552394866943359e+00 1.000045183680273553e+01 -1.048462889696422096e+00 1.228705890885283303e+01 1.143963735154334138e+01 7.538829815230871922e+00 6.446914354960123106e+00 9.954436503350732934e+00 6.803592597737026182e+00 1.378903191236026871e+01 -1.904116499423981423e+00
3.254729819316662997e+03 2.247771636032033257e+03 1.931062441987859074e+03 2.792118528901159152e+03 3.444032430647193905e+03 4.106741359933260355e+03 2.639657516777635010e+03 1.646420420959939520e+03 2.944830905238344258e+03 2.343725250569606487e+03 2.155078197272828220e+03 1.873178798416925929e+03 3.701856810006891010e+03 2.490542527395619345e+03 3.106059707620814152e+03 1.335089269824689154e+03
5.076132015306121514e-02 3.004365808823528453e-02 2.962239583333332871e-02 5.712256493506493588e-02 4.547674005681816289e-02 2.625868055555556288e-02 6.790660511363634522e-02 2.364309210526315680e-02 7.052513860887095476e-02 8.406748670212763064e-02 6.366930509868422294e-02 6.309678819444444753e-02 6.230817522321428770e-02 5.457979090073530187e-02 6.943016721491228338e-02 1.455078125000000555e-02
