-1.917371408273507711e+02 -1.319804583329421064e+02 -1.274329376220703267e+02 -1.326787311329561305e+02 -1.621067430001718037e+02 -1.394701018863254376e+02 -1.360550809587751075e+02 -2.539024717269404618e+02 -1.368109398947821944e+02 -1.950030535580067124e+02 -1.306370127751277153e+02 -1.798866926381286078e+02 -1.238631739086575152e+02 -1.173755418337308640e+02 -1.674020283347682039e+02 -1.217162953376770247e+02
1.454915851902316888e+02 6.884709387559155402e+01 4.218493890762327680e+01 1.003030269847196791e+02 1.212591445357711279e+02 5.976018587748207977e+01 2.146186910356793476e+01 1.745908596900201815e+02 8.479088062710231100e+01 1.612550568312740893e+02 3.280815344590405402e+01 1.323743293654750630e+02 7.602697563171386719e+01 5.153111941997823209e+01 1.089282822859914717e+02 9.049598751068114666e+01
-1.556889264272143159e+01 2.495274627208710072e+01 4.628255367279053445e+01 -2.781460142310928418e+00 -1.225871211069601330e+01 3.238031335671742994e+01 5.389371871948241477e+01 7.938713027584945792e+00 1.506310964292949528e+01 -9.001462986629988450e+00 4.678374892014723230e+01 -1.311346796847563034e+01 1.746008666025268141e+01 3.747920417785645952e+01 -1.033204727110109999e+01 -5.162762150168427322e-01
2.845507065025535454e+01 2.017876366010078826e+01 1.334720322489738287e+01 2.606549005648669137e+01 2.923418078599152636e+01 1.772209631072149705e+01 1.242310837336949092e+01 2.495133246144941097e+01 2.549843558337953553e+01 2.741457448916488460e+01 1.078067907920250157e+01 3.072192949644276538e+01 2.410071598158942408e+01 1.090452231581393860e+01 3.286749463332326826e+01 2.709677454233169769e+01
-1.410867792206841465e+01 -1.598713324849422079e+01 -1.192857692763209343e+01 -1.873379665613174438e+01 -1.883522856677019774e+01 -1.481767330567041796e+01 -1.966598619733537845e+01 2.406567288983255892e+00 -1.775860375828213122e+01 -6.946373839056890986e+00 -1.463522016085111055e+01 -1.904124486278480077e+01 -1.997737569610277575e+01 -1.315279108056655133e+01 -2.583373894189533715e+01 -2.152227724790573049e+01
4.441917132149944436e+00 1.120579066643347943e+01 1.047006069868803024e+01 9.132025955354464486e+00 8.667103051587387696e+00 1.066515070862240222e+01 8.751309735434396941e+00 3.637564736027870005e+00 1.183176632225513458e+01 4.699965605407616209e+00 9.542430804325984894e+00 7.229632811227313383e+00 1.068321329355239691e+01 9.460763883132202068e+00 7.367403014710075304e+00 8.348023183643817902e+00
-1.922149340311686316e+01 -2.256822406328641506e+01 -1.896512860059738159e+01 -2.429011187833898333e+01 -2.314894539338570922e+01 -2.119262197282579052e+01 -1.878439399174281377e+01 -1.517121368838894746e+01 -2.204719863997565454e+01 -1.904426364818315776e+01 -2.025500106811523438e+01 -2.066709466047689858e+01 -2.252435522609286878e+01 -2.193317064872154987e+01 -2.317481746171650059e+01 -2.517690564393997121e+01
-2.997987535622739230e+00 -3.660675814518559168e-01 7.135452799499034882e+00 -3.709397754248443535e-01 -1.985828648286836584e+00 2.322617462939685407e+00 8.628988887582506706e+00 -2.826854319341720156e+00 4.129455453819708133e-01 -4.367141083385179812e+00 5.960914189998918644e+00 -2.385527732296731429e+00 1.487809117469522047e+00 3.926517898646682436e+00 -3.720939010381699941e+00 -1.096178350597619922e+00
-1.159766629418811235e+01 -1.845276861007396718e+01 -2.186799067258834839e+01 -1.446747876616085193e+01 -1.261499045954810150e+01 -1.841450186570484959e+01 -2.279746328081403561e+01 -6.237462609525647572e+00 -1.465717224280039233e+01 -1.168091782827055525e+01 -2.366826754349928308e+01 -1.223110610330608417e+01 -1.409312363879548080e+01 -2.258314151030320005e+01 -1.405394407165677961e+01 -1.400818989574908890e+01
-4.505068053801857708e+00 3.722127940792302692e+00 7.184574790298938751e+00 8.669912815093328007e-03 -2.866576026987147863e+00 6.579362908999126347e+00 5.663189206804547737e+00 -1.918814332254471733e+00 2.414073633650937190e+00 -4.351455882693940680e+00 8.134493543551517547e+00 -5.116557874100307934e+00 4.202732887946901030e+00 7.156021149112634205e+00 -5.040425687244060704e+00 5.152170810848459848e-01
-1.118258161399815620e+01 -1.223461342774904814e+01 -8.358505502343177795e+00 -1.186261881099027704e+01 -1.140069277418984406e+01 -9.053268651167552861e+00 -9.945189952850341797e+00 -7.457467356997151242e+00 -1.162760475609037769e+01 -1.036400476265489345e+01 -8.703965159562919496e+00 -1.254355075325764446e+01 -1.071653933657540314e+01 -8.157463667484430303e+00 -1.371634440673025068e+01 -1.080540035367012131e+01
-8.480615360779810707e-01 6.360808886014497343e-01 -3.413411362096667290e+00 5.338870760272529381e-01 1.518233616594914182e+00 -1.352215409278869629e+00 -2.344408580235072481e+00 -2.684202498005282322e+00 2.271149509482913498e+00 -2.680417041095457531e+00 -4.929949457828815440e+00 3.133631906878697748e-02 1.819137536817124534e+00 -3.958987397643236150e+00 3.221843785361237167e+00 1.661559621989726399e+00
-7.270797956365723458e+00 -4.642497257544444977e+00 -8.172328621149071992e-01 -1.005064779169419253e+01 -1.064577073852221289e+01 -3.980741596884197264e+00 -4.801711014338838623e-02 -7.192901292154865622e+00 -8.871870521042081847e+00 -9.282098245084954513e+00 -8.770358470770034387e-01 -7.733371797581792606e+00 -8.914940118789672852e+00 -2.844205882686835274e+00 -5.101483624232443503e+00 -8.434728887677191977e+00
1.269303151906785388e+03 3.063888289219725266e+03 4.227117529795064911e+03 2.080487042106227818e+03 1.668396679451667069e+03 3.451540963738550090e+03 4.978210323758300547e+03 8.693597367181278059e+02 2.526097635348517542e+03 1.079336766192016057e+03 4.597106766541796787e+03 1.468258378038348383e+03 2.819715654340848232e+03 3.831653945446942998e+03 1.873468208831172660e+03 2.324380551399082378e+03
5.613034909909911385e-02 1.533766526442307265e-01 2.372436523437499722e-01 9.311810661764706454e-02 7.412832754629626597e-02 1.984592013888888395e-01 3.025251116071427937e-01 4.052734374999995837e-02 1.170247395833333148e-01 4.808198735955054870e-02 2.534179687500000000e-01 6.497579225352108356e-02 1.453586154513888395e-01 2.273324819711537992e-01 8.059210526315788159e-02 1.149291992187499722e-01
