-1.680613217821308183e+02 -1.463120012283325195e+02 -1.225330384353111697e+02 -2.003103490758825558e+02 -1.933212598528181161e+02 -1.403596162639680642e+02 -1.854048283353765214e+02 -1.328107710618239423e+02 -1.942262390136719148e+02 -1.261918144226074219e+02 -1.333466614617242101e+02 -1.197302671733655757e+02 -1.389009187659439135e+02 -2.123377500261579485e+02 -1.102525122324625926e+02 -1.806930538359142702e+02
4.437961234298406765e+01 5.786636114120484820e+01 2.856468463766164589e+01 6.813063374272098827e+01 5.045286990574427932e+01 3.418527490584575190e+01 5.680088765570458520e+01 3.182339213444636528e+01 6.380472043355304379e+01 2.358227938413621061e+01 4.374771393669976760e+01 3.366474056243897905e+01 4.890074445763412569e+01 5.679763753073556387e+01 4.023952109018962631e+01 6.083305776686896138e+01
-3.182604339076024047e+01 -4.144432249069214436e+01 -3.679328425177212125e+01 -3.162282738862214515e+01 -2.629551495143345008e+01 -3.702468498417589160e+01 -3.062288912306441091e+01 -3.380690403473683148e+01 -3.250910830895106329e+01 -2.534267985820770974e+01 -4.313433703669794284e+01 -3.908454950232255243e+01 -4.244181726416762501e+01 -2.193433299234934708e+01 -4.432486966451008925e+01 -3.668792913073585282e+01
2.460478247146980380e+01 9.364553517103194835e+00 1.915347437200875191e+01 1.329268964131673236e+01 2.017488099506923049e+01 1.884897129457505116e+01 1.774902173686534823e+01 2.039074024175986111e+01 1.454170892834663320e+01 2.479818427562713623e+01 1.333171258259702618e+01 1.598937407449672143e+01 1.393766203705145301e+01 1.808296138899666872e+01 1.078087331056594778e+01 1.624253285498846111e+01
-9.052627107676340046e+00 -1.932911046743393157e+01 -1.668397249024489781e+01 -1.369516717339003620e+01 -3.869123036520823788e+00 -1.742580945374535872e+01 -7.722064084195078060e+00 -1.764982780737754808e+01 -1.060368582804997928e+01 -1.965391480922698975e+01 -2.285454550937370044e+01 -1.968547214959797031e+01 -2.080933470628699666e+01 -2.423289234883020171e+00 -2.355717449188232848e+01 -1.137514087841624288e+01
-5.832896980000478848e+00 1.236936916410924514e+00 -4.625143068617788344e+00 2.460219904228484467e-01 -2.173777780362538437e+00 -3.276468184639196313e+00 -8.046440558230638640e-01 -3.429242170774020160e+00 -1.065230738123257748e+00 -2.154722720384598222e+00 -2.666499033018395526e+00 -3.380286012825213682e+00 -1.029189997789812017e+00 -2.169663853411164300e+00 8.788075049717569698e-03 4.090599538315009553e-02
-1.723136299731684318e+01 -7.127850638329980448e+00 -1.450202323444958274e+01 -5.613957985683724061e+00 -1.707253676142011045e+01 -1.355397569498077459e+01 -1.151009657281510457e+01 -1.375262069014402577e+01 -5.947751218080518321e+00 -6.957958705723283899e+00 -7.901451470675288746e+00 -1.163507498879181767e+01 -1.046037610878749469e+01 -1.261445561477116328e+01 -6.860134448607759339e+00 -6.530324108543846151e+00
-2.754508109653698522e+00 -4.964081032574178209e+00 -1.782622664139189794e+00 -1.184230239303024401e+00 -3.243065999235426045e+00 -2.779965940068981123e+00 -1.889097480063743451e+00 -3.316081223579554482e+00 -4.298929677406947647e+00 1.217644579708574870e+00 -3.677478443693216192e-01 -1.058429869382006450e+00 -2.421643640313830392e+00 -2.335907704063824308e+00 -8.302949736515690127e-01 -6.225209776844297771e+00
-5.108217733747816069e+00 -2.894597581028938826e+00 -1.749433503068726914e+00 -1.022733494087502581e+00 -6.136144205502097826e+00 -7.754741936433495741e-01 -5.524473385607938880e+00 -1.355913978356582117e+00 -1.630144711335500762e+00 2.657254684716462201e+00 1.881214709193622436e+00 1.788761085585545807e+00 -5.451899925056773455e-01 -6.911023459264206359e+00 3.315287502606712344e+00 -3.341962153003330105e+00
4.470428970514557676e+00 6.906164196133611988e+00 9.006450562641537871e+00 1.085120558517950329e+01 3.549572029284067565e+00 8.845368890488732205e+00 3.188544709948781808e+00 7.007602554101209691e+00 9.058200267950692108e+00 7.695137672126292294e+00 9.059107635860089047e+00 9.237650654817882057e+00 7.786489029319918487e+00 3.713311876569474368e+00 8.367455140749612497e+00 7.999971843901134250e+00
1.595599380193974959e+00 -3.908935186266896622e+00 4.443532339971643985e+00 -3.672798852125803037e+00 1.841212640489853669e+00 -2.545031055075213100e-01 -1.982169179206198839e+00 1.575589002707066477e+00 -2.985705454150834548e+00 -2.952505491673946381e+00 -4.263450513283409293e+00 -7.575510128548256228e-01 -5.274895429611202502e+00 1.259705084775176953e+00 -4.604761847853658274e+00 -1.261173989091600500e+00
5.718421072936525462e+00 1.750854250788686173e+00 7.832455402818219170e+00 3.803173535399970717e-01 5.803342225721904946e+00 5.903628029784215414e+00 1.508701146917139635e+00 6.168975564149708823e+00 -4.723382145166428181e-01 -2.782520277425649891e+00 4.047495976504351667e+00 5.199297303431912987e+00 3.905066999853873622e+00 4.282043618815285058e+00 4.386427319049834850e+00 2.807965221859132221e-01
4.397451176362880965e+00 4.021815021336078821e+00 -1.160757301182580914e+00 2.142246281659161866e+00 6.203312141554699011e+00 4.711185310219157429e+00 3.616321589401428227e+00 1.013186339384472223e+00 2.983784120281537167e+00 -6.827342525124548089e+00 2.011926803875852876e+00 6.304875737742392516e-01 4.449343076774053607e+00 5.996564675654687093e+00 4.124480516711870770e+00 2.890470030761900677e+00
2.944632618943041052e+03 2.647979667271273684e+03 3.317167572746084716e+03 2.339415559588704582e+03 2.842158490813302251e+03 3.061884845527533344e+03 2.720710138776591066e+03 3.210271177619155878e+03 2.468014246686298065e+03 3.464408745253064353e+03 2.883045544799389518e+03 3.140646720883480157e+03 2.776954452384580236e+03 2.631623891415310936e+03 2.986557683540852395e+03 2.572268715414977578e+03
1.968443627450980338e-01 1.701171874999999889e-01 2.270844558189655249e-01 1.508065682870370350e-01 1.814034598214285809e-01 2.104252049180327933e-01 1.768824800531914876e-01 2.267377804487179516e-01 1.582845052083333426e-01 2.683410644531250000e-01 1.953034577546296224e-01 2.233115748355263275e-01 1.910076530612244972e-01 1.725376674107142738e-01 2.020019531249999944e-01 1.643880208333333426e-01
