-3.007259476605583473e+02 -2.412774665437895578e+02 -2.314353179931640625e+02 -2.800265239133673276e+02 -2.627697809392755630e+02 -2.334161005828340194e+02 -3.205671222965891047e+02 -2.781567103764782019e+02 -2.873365241156683965e+02 -2.377708336966378511e+02 -2.566881472269694200e+02 -3.183074174538635930e+02 -2.989703677195423097e+02 -2.827858266830444336e+02 -1.843990325927734375e+02 -2.551823124132658336e+02
6.035803402171414689e+01 9.822672797893656593e+01 7.830050039291378994e+00 7.948276060718600888e+01 2.619435726512561757e+01 1.104430790270789657e+02 7.226654266729586595e+01 8.460357969101160336e+01 5.098136668735079979e+01 1.215752778734479591e+02 9.829202632109314663e+00 6.743396920424240193e+01 7.546200374387345278e+01 4.302433276176451926e+01 -3.877950477600099077e+01 9.096055603027342329e+01
1.112187021620133365e+01 -8.263475810659350884e+00 2.908816280364990092e+01 5.980968668804329091e+00 1.399650812149047852e+01 -8.820401168475719089e+00 1.334778001286635174e+01 4.595839871935647025e+00 1.113473712073431976e+01 1.228080598371368737e+00 2.360477177302042762e+01 1.182358753681182861e+01 9.367047984645051173e+00 1.663549095392227173e+01 4.086081441243489820e+01 -2.912491977737661664e+00
1.687581471835865798e+01 1.266400522186324551e+01 1.693501543998718262e+01 1.822618736250925764e+01 3.419850219379771517e+01 1.003558516704429771e+01 1.240424167964515867e+01 2.068136343564071922e+01 2.493427141507466871e+01 2.082741613898951627e+00 3.468420632680256688e+01 1.290612581143011894e+01 1.521134674099256578e+01 2.684261155128479004e+01 1.440751584370931049e+01 1.587625289799874295e+01
-3.700775679420024389e+00 3.524019440700252304e-01 -2.885563278198241211e+00 1.542806605161245681e+00 -1.746840459650212907e+01 -1.190281536619543612e+00 -3.388818671427133999e-01 4.372176666578199367e+00 -8.998766322930656258e+00 -2.015277096203395502e+01 -2.797465928395589430e+01 -2.207019493556939604e+00 -1.674416499036662564e+00 -1.857288716919720173e+01 -8.772829115390777588e+00 1.084471774205825412e+00
1.091400487633312011e+01 -3.844304907938535187e+00 1.188889069557190048e+01 5.896787282774004879e+00 1.740682801333340990e+01 -5.862789375297091432e+00 1.106916002820176814e+01 4.199082517460601238e+00 1.288470257653130169e+01 -1.766137121404920407e+01 2.808511463801065489e+01 1.202881379616565383e+01 7.847445602686896393e+00 1.818773460388183238e+01 2.688779830932617188e+01 2.584666818903169627e-01
-6.025416160331053206e+00 -1.767910754577866328e+01 -4.189146137237548473e+00 -1.002132552256018627e+01 -6.681045618924228435e+00 -1.827717086420220127e+01 -3.810571024875808455e+00 -1.270839437556593410e+01 -5.502755801710819128e+00 -1.550994443041937743e+01 -1.054400674502054791e+01 -4.060872243765066614e+00 -6.539733575200130211e+00 -8.868600033223628998e+00 -2.220335133870442590e+01 -1.603134118517239415e+01
3.604137161198785577e+00 -8.761801429863634638e+00 -2.311883461475372492e+00 -1.430245444936267818e+00 5.346429613503543621e+00 -6.054704581276844522e+00 3.174529501577703527e+00 -3.587655029476503721e+00 8.208308898740341863e-01 4.011006993906831575e-01 2.447320466240246795e+00 3.195876542669841669e+00 2.135727368435774487e+00 3.160923562943935394e+00 8.974590937296550663e+00 -8.165582520919935305e+00
-4.536827988484327889e+00 -1.499361309922974073e+01 -5.504449605941772461e-01 -8.415876276412252111e+00 -1.146027174321087827e+01 -1.482041744104886050e+01 -2.924932137131683874e+00 -9.999647068650755699e+00 -6.606488082143995300e+00 -1.034073457973343935e+01 -1.534681340058646093e+00 -2.519985914421376094e+00 -4.802829237057355094e+00 -5.124419130384922028e+00 -1.782602945963541963e+00 -1.147541652436842163e+01
2.684428264113033702e+00 1.762914982078402470e+00 -1.166911149024964178e+00 2.910202117794644661e-01 9.708310948176816169e+00 4.657115900920627549e-01 2.402653718685231699e+00 4.979487559566875277e-02 4.801507171657350526e+00 2.484951404588563229e+00 5.519267211357753666e+00 3.353727761369484028e+00 1.077613026466011092e+00 5.974762365221978122e+00 4.900436401367187500e+00 3.699152017894542954e+00
-7.984494412646573558e+00 -6.368903683177356001e+00 -6.183436727523803356e+00 -1.119803610696631146e+01 -1.107992180910977353e+01 -6.553421127594123874e+00 -6.248600827484599662e+00 -1.109023863526240206e+01 -1.049682707919014746e+01 -5.744760870933532715e+00 -1.209818138678868493e+01 -5.906418088919080489e+00 -7.124534773939060095e+00 -1.021946662664413452e+01 -4.464200894037881895e+00 -8.482446800198474079e+00
-1.831271442420342455e+00 7.376208459508839521e-01 9.018369674682615855e-01 -2.884803572196070309e+00 -4.187134352597323250e+00 1.470980753838000643e+00 -2.384432396510750785e+00 -2.503368016791669426e+00 -1.790208007726404649e+00 1.333823644689151822e+00 1.720456232627233240e+00 -1.919314502141413303e+00 -2.402479869155388581e+00 -5.374145749956371620e-01 -4.387770573298136689e+00 -1.037766691885495973e+00
-6.880337338675471592e+00 -5.492984360662000576e+00 -1.388856163024902557e+01 -4.395851427215641039e+00 -5.145312700759280489e+00 -3.118402369446672040e+00 -7.268300530387134195e+00 -5.628810045653827032e+00 -5.409721791744232178e+00 -9.874317220279147378e-01 -4.536901503801345825e+00 -6.943186164475404709e+00 -7.080265037293704822e+00 -5.271843135356903076e+00 -6.182709693908691406e+00 -5.878490171934429576e+00
3.485305172011030209e+03 2.145092514352461876e+03 5.269940484793170981e+03 2.796111018284070269e+03 4.280280786859236287e+03 1.910972526116949894e+03 3.186629706149649337e+03 2.584463447544518203e+03 3.676721123368441113e+03 1.682017154871670982e+03 4.715762684826146142e+03 3.320746286654500182e+03 3.013889636055452684e+03 3.961938259469509831e+03 6.151366106490415405e+03 2.369886513127218223e+03
1.988166360294117696e-01 9.209152747844823184e-02 3.634765624999999889e-01 1.346911414194915113e-01 3.136097301136363535e-01 8.160090042372876440e-02 1.707436166158536883e-01 1.177025363869863006e-01 2.329644097222222376e-01 6.951032366071428770e-02 3.792724609375000000e-01 1.807955228365384914e-01 1.538178066037735880e-01 2.814941406250000000e-01 5.037434895833333703e-01 1.146347313596491335e-01
