-1.087118360791887142e+02 -1.530858955383300781e+02 -1.645532539020884997e+02 -2.990891225179036610e+02 -1.651873058770831904e+02 -1.683273191452026083e+02 -1.512406921386718750e+02 -1.687422523498535156e+02 -2.825237451597702147e+02 -1.309161203517469687e+02 -7.771327564609593708e+01 -2.205048214947735232e+02 -1.298738410949707145e+02 -1.576805419921875000e+02 -1.268138683492486649e+02 -1.683915906385941526e+02
1.367155817304338825e+02 -2.137263274192810059e+01 9.287274273959076254e+01 1.180307935078938755e+02 5.922370037279635824e+01 1.818896026611328978e+02 1.906167803870306443e+01 -2.795558691024780273e+01 1.027067874642305583e+02 1.723496473445449624e+02 1.143570000947411387e+02 1.886272153501157618e+02 2.532237398624445746e+00 -1.837318191528319744e+01 1.490818984291771017e+02 8.076867298646411086e+01
-5.647678195408411739e+01 4.701840941111245797e+01 -4.488590831756590660e+01 -2.973832054932920244e+00 -5.277014776280052644e+01 -3.193427099287508852e+01 2.465100791719230244e+00 6.032113265991210938e+01 -2.060123850024025671e+01 -4.957607064136241348e+01 -5.425132249006585994e+01 -9.181674852415376620e+00 2.781223034858702192e+01 5.929980316162109943e+01 -5.210467377745291628e+01 -5.502660515498033078e+01
3.986638242517200581e+01 4.882367992401123047e+01 5.637754712538287549e+01 4.486047445933024136e+01 7.669958009217916128e+01 1.881757641537117465e+01 6.644830343458387745e+01 1.139749121665954590e+01 5.355301240433094989e+01 2.017964096956476894e+01 3.751968826820601777e+01 3.139944429750795507e+01 4.917186489105224467e+01 2.380537009239196777e+01 3.414315291426399313e+01 6.952039605920967347e+01
1.335528065945420906e+01 1.262901157140731812e+01 2.523152976903048383e+01 4.192979818979898710e+01 3.212088090965622200e+01 2.152228683605790138e+01 6.876072479618919431e+00 1.490568089485168457e+01 4.376775031866029053e+01 1.418105027772659454e+01 5.079349314988945707e-01 3.408892098179569530e+01 5.129910945892319774e-01 1.406984351873397898e+01 1.506854347545992212e+01 3.702510161156004642e+01
-1.441234388010841982e+01 2.070546213785807765e+01 -1.261757861375808254e+01 1.488709676265722592e+00 -2.287593853630517060e+01 -1.712732333235907944e+01 1.109156896670659620e+01 2.064330053329467773e+01 -8.074733085410533917e+00 -1.542247362538825151e+01 -1.672543342789606768e+01 -1.170886686996177062e+01 1.715034050941467569e+01 2.651223411560058452e+01 -1.571549222381277033e+01 -2.025342284007505356e+01
-7.678054507076737423e+00 -1.956258634726206980e+00 7.720645015889848750e-02 4.201171534260113027e+00 7.523720054250033762e+00 -6.156608187593520576e+00 -3.104769822623994813e+00 4.722055256366729736e+00 7.135359409243567264e+00 -5.419811158679252117e+00 -6.635097141586130398e+00 -7.713025393309417055e+00 -1.040840289592743062e+01 -7.285587716102599920e+00 -7.499223009429179854e+00 3.954468599774627613e+00
1.101095711972032198e+01 1.399742476145426373e+01 1.174134801517833360e+01 2.359540564219156522e+01 2.400167645749294110e+01 1.381133588775992393e+01 9.436271349589031132e+00 2.110243844985961914e+01 2.628760615060495809e+01 6.431163063186198237e+00 1.480062479536924869e+01 1.204480902795438624e+01 1.199521379470825266e+01 2.084468994140625142e+01 9.156679346988152446e+00 1.822380105135116324e+01
-8.119579813522953771e+00 5.600463559230168364e+00 -8.153597933595833069e+00 1.493998754024505438e+00 -1.079472256255776585e+01 -9.424724769778551448e+00 4.260958049032422146e+00 1.907154560089112216e+00 -1.505598180515823614e+00 -1.096269724951232760e+01 -3.979250294503883012e+00 -4.892059859302309022e+00 7.949445325136184515e+00 7.348898553848266069e+00 -6.849253359504722916e+00 -9.415761729533024038e+00
1.676765997069223912e+00 5.939769854148228667e+00 3.734538897601041629e+00 4.168686842918396529e+00 9.699226087645484995e+00 -1.023853577906271184e+00 -4.127141237258920015e-01 6.173416256904602051e+00 6.605420578357779959e+00 -1.520991266466866776e-01 5.001296531798228528e+00 9.225108888414235153e-02 -4.860044002532952767e-01 1.364027290344238175e+01 1.122373167086729628e+00 5.499685192650012766e+00
9.410894230008128858e-01 8.349537769953409239e+00 5.737012302875513114e+00 2.209891319274903232e+00 6.186430419746193898e+00 1.194122379180043270e+00 3.478586408827040177e+00 8.655056715011596680e+00 6.215778537960940042e+00 1.974514676041380756e+00 4.372296200981778291e+00 -4.313120515258225041e+00 5.445583373308181763e+00 6.967151761054992676e+00 2.871773082762957063e+00 2.533190480687401269e+00
1.076453580600875037e+00 4.575789252916972139e+00 -1.718833367932926626e+00 1.367818800608317176e+00 -8.137255577664628259e-01 -3.419611016288397476e-01 5.800954778989155791e+00 1.107977879047393799e+01 1.371527341909188902e-01 1.250219835098399734e+00 4.273359737734301333e+00 -5.949713406739411070e+00 4.086508145928383406e+00 7.825125598907471058e+00 1.623869941654530580e+00 -3.805692080746993611e+00
2.947664763246262254e+00 5.031727949778237452e-01 -1.128778002478858955e+00 2.125865886608760302e+00 1.690517632584825902e-01 1.009613008762244579e+00 1.536026053958469584e+00 4.443764537572860718e+00 2.652837051901709486e+00 1.699704689341922981e+00 -6.651906246569616599e-02 1.905666256392444469e+00 4.323459988832474288e+00 5.832715329527855097e+00 1.464487341317263214e+00 -1.757674968716773201e+00
1.625362364130341575e+03 5.105684165215116991e+03 2.125332718771508553e+03 1.283888678143332527e+03 2.739225015091218211e+03 1.045340379643603001e+03 3.505670521555744926e+03 6.456061922184864670e+03 1.789879956849244536e+03 1.257698983440704751e+03 1.880341974381248065e+03 7.756646576648636255e+02 4.387258678345402586e+03 5.828716612964635715e+03 1.443126908197550620e+03 2.421672160329687358e+03
9.755161830357142461e-02 3.124186197916666852e-01 1.244762073863636687e-01 4.239908854166669905e-02 1.965075041118420351e-01 5.809783935546871531e-02 2.127278645833333703e-01 4.937744140625000000e-01 7.729605741279074738e-02 7.414494004360464019e-02 1.056072178171641729e-01 4.340277777777781787e-02 2.688476562500000666e-01 4.063476562500000222e-01 7.914595170454546968e-02 1.539972478693182045e-01
