-4.125623325081758708e+02 -3.273399464925129791e+02 -3.324394553048270495e+02 -4.157978554583610844e+02 -3.627605763096963187e+02 -3.227706837204267458e+02 -3.491168021550254821e+02 -3.712786356608073106e+02 -5.333377600775825158e+02 -6.163762766520184186e+02 -3.666756026656539689e+02 -3.308071831597222854e+02 -3.892336723513719789e+02 -3.526897442157452360e+02 -3.717495277041480790e+02 -3.255540420532227017e+02
4.380134060770964766e+01 1.126433464050292912e+02 -3.218892676489659266e+00 1.312028531013650650e+02 2.619472584416789118e+01 9.728687804599978506e+01 7.079906760321722459e+01 -4.625560989379881960e+01 1.182720116509331376e+02 6.518680650216562356e+01 7.110526667700888481e+00 -1.187427449888652120e+01 1.176765879189096040e+02 8.081826606163610904e+01 4.034350767589751285e+01 5.952895965576172443e+01
-1.734467854957247468e+01 -2.968061169981958614e+01 -1.091176398737089848e+01 7.948873681590891138e+00 -9.261079762251146263e+00 -2.609568312483015262e+01 -3.052149443683172336e+01 2.098259560267131718e+01 2.988434796863131027e+01 2.189059580200245847e+01 -1.476968761726661761e+01 1.406887612519440900e+01 -1.434391531130162534e+01 -2.760424047937761216e+01 -9.785770519858314032e+00 -2.000069014132022360e+01
5.185499526179113161e+01 3.083441621263823151e+01 4.785881628308978009e+01 3.580379894946484143e+01 4.476574073299284606e+01 4.406100823294441682e+01 3.953267476908744271e+01 4.494514083862304688e+01 5.508305019802517677e+01 4.345584897641782618e+01 4.941255195052535498e+01 4.458141192683467580e+01 4.197067306099868489e+01 4.446165416561640882e+01 4.225650210607619783e+01 4.783305043578148030e+01
9.141172296779103590e+00 -6.660108214616774269e+00 1.133596204008375352e+01 1.538774221501456374e+00 7.821314573287962091e+00 -3.474220852806889859e+00 -6.236722653347352541e+00 3.481617410977680294e+00 3.002588291962941014e+01 2.308482893749520670e+01 8.383007439750214118e+00 8.225033923431679383e+00 5.869101201615683827e+00 3.819976403545112920e+00 1.168434904870533053e+01 2.683022022247314897e+00
6.213757035344148250e+00 -1.749575017889336337e+00 1.717777226652418321e+01 6.793689030282046737e+00 2.002163623225305145e+01 -1.313830780533120191e+00 6.391608318402656863e+00 3.468304812113444768e+01 1.659194090631273255e+01 7.785762698562057160e+00 1.587017930437017910e+01 2.307806356747945387e+01 3.541213074835339647e+00 4.299365758131716397e+00 2.492102041698638004e+01 7.183649373054505460e+00
-1.109367048671079381e+01 -1.165624685486157652e+01 -2.566978418401311579e+00 -4.013595165090357852e+00 -8.220041284638067935e+00 -1.382614502142061497e+01 -8.498971110061994239e+00 3.366231274108092641e+00 7.204692959785470308e-01 5.045083076865592098e+00 -4.762666485927724125e+00 3.001389733067264309e+00 -7.003593822804893954e+00 -1.451810683653905265e+01 -7.792107232979367915e+00 -1.554657762348652383e+01
9.268595390541609191e+00 -4.024826519687968229e+00 6.022719572697366353e+00 6.587130259960261469e+00 3.918326635514535639e+00 -1.217951809460253720e+00 -1.840179765981302396e-01 7.773206305503842728e+00 1.347593286964628234e+01 2.105040956426548249e+01 5.932744182922221832e+00 8.193994305751939322e+00 1.762546620717859724e-01 2.385351684613104872e+00 4.172212623414539578e+00 5.158430069684967201e-01
4.198324992213136930e+00 -7.908279478549948394e+00 8.523865022829590909e-01 -3.149038281212463097e+00 -1.506458099811308848e+00 -5.374473147797137251e+00 -3.639435647025942799e+00 7.772238389650979684e+00 8.384371313783857360e+00 7.510677863050396752e+00 1.347429147473087285e+00 2.160579473884012280e-01 -3.948302508854285797e+00 -2.903681949163097631e+00 2.742000080290285524e-01 1.431456685066222478e+00
3.343591358772546318e+00 -1.443307605882483857e+00 9.130838619811190160e-01 -4.620741798522622013e+00 3.626976613075503231e+00 -2.764981815275153743e+00 -3.907824433985206625e+00 1.366503766377767093e+01 -1.749139772521125513e+00 9.380970390030634931e+00 2.172149313820731731e+00 5.575407136369637584e+00 -3.658551135077705574e+00 -3.143879811733194085e+00 7.220385437919982330e+00 -4.415800361335275426e+00
8.662710264671680704e+00 8.196248225371041585e+00 6.253222303731099885e+00 2.770438124524784662e+00 4.207691561791203405e+00 8.041975789474989256e+00 8.727835533164794768e+00 1.144119322299957275e+01 -1.374170952373082955e+00 1.114690152804056744e+01 8.486511914818374080e+00 9.251838260226778132e+00 9.367272527479542532e+00 7.381978248174372759e+00 8.591042359670002071e+00 6.024177955090998182e+00
-9.753399532894776458e-01 -5.723019528388972432e+00 4.594887580190381016e-01 -7.736610488054596058e-01 -1.316059733590771774e+00 -5.610577981427027794e+00 -3.389334391979944350e+00 -1.920610253016153735e+00 2.742383956909177467e+00 1.040159860970796402e+01 -2.783768268647016875e+00 -5.199691763630109875e-03 -1.887803938330673503e+00 -3.250237269279284025e+00 -1.638353617418379482e+00 -4.472559607774023505e+00
-9.794537570587399378e-01 1.328023074070614040e+00 1.895962998270989797e+00 -1.646186848904210853e-01 1.008242114897698771e+00 5.905831984753904251e-01 -5.820296931834424425e-01 4.230134487152100498e+00 -1.537885501980781111e+00 5.821632787585254931e+00 1.096437856003091404e+00 1.495955493715074081e+00 4.059888523162863194e+00 -2.199031181442417937e-01 8.259462714195250355e-01 -2.989395331591366389e+00
2.831811177984814549e+03 1.742001669656690410e+03 4.108098252764005338e+03 1.206868277164972142e+03 3.407106732463069420e+03 1.951899873713703983e+03 2.314889226483065613e+03 5.251715473374468274e+03 7.924093350709142669e+02 1.754492644970532183e+03 3.726344829712112642e+03 4.650112315083269095e+03 1.496246948216124565e+03 2.110181792386176767e+03 3.118774278229331685e+03 2.561502260003544507e+03
9.487418241279069187e-02 7.515462239583332871e-02 2.336425781250000555e-01 3.641331449468086789e-02 1.281817036290322787e-01 7.783940153301888154e-02 8.992900545634921472e-02 3.222330729166666963e-01 2.007378472222220989e-02 6.148726851851901709e-03 1.763780381944444198e-01 2.487160011574074681e-01 5.558069740853655710e-02 7.718599759615381306e-02 1.442522321428571508e-01 9.887695312500000000e-02
