-1.521314163208007812e+02 -3.854797384327856662e+02 -1.487781270345052178e+02 -1.736343002319337074e+02 -2.938319864078443970e+02 -3.042164574389188374e+02 -1.107840024630229152e+02 -3.858316591863762142e+02 -1.676945953369140625e+02 -1.296587791442871094e+02 -1.544164630610769677e+02 -1.163544798578536046e+02 -2.142980361311402930e+02 -1.698425509643554392e+02 -3.417956630161831413e+02 -3.051730712890624773e+02
6.516399631500242151e+01 9.491963695657661049e+01 5.225241184234619141e+00 1.483193967238716482e+02 1.109102882852359642e+02 1.553453986689729049e+02 5.272085523605342416e+01 1.096735600510688471e+02 -2.336658859252929688e+01 3.450667142868041992e+01 1.284296379089355185e+02 1.066615048817225642e+02 1.606523837781932684e+02 8.350979980468747499e+01 8.238493115561345803e+01 1.735401489257812386e+02
-3.351566234230995178e+01 -1.147135888296985229e+01 3.430879974365234375e+01 -7.390008714924687183e+01 -6.127177416548437350e+01 -1.660821189492381222e+01 -4.417003848155339085e+01 -3.661625924992208070e+00 3.258785629272460938e+01 -3.207209467887878418e+00 -7.610875561760693131e+01 -6.230272824423655464e+01 -5.684958632351600727e+01 -5.431986650466919286e+01 -3.738168304307119172e+01 -8.615034103393526266e-01
4.256375970840454670e+01 2.196195299872036344e+01 2.584495989481608191e+01 1.571822907451701923e+01 2.754834654866431976e+01 1.051428635896376562e+01 3.952813299496968824e+01 2.098677435313185669e+01 -4.417152404785156250e+00 2.435093951225280762e+01 2.801588770819873986e+01 3.713335892983844388e+01 7.864592899606652310e+00 4.509843120574951314e+01 3.465639162063599343e+01 3.876796617507934428e+01
1.315338770151137737e+01 3.820953053441539993e+01 1.540460268656412879e+01 1.413050715625285569e+01 4.768743117731445125e+01 1.965011769758080362e+01 1.428153912226441946e-01 3.450085164422856110e+01 1.623248481750488281e+01 1.999152660369873047e+00 1.488965608870110557e+01 9.800012471420414428e+00 1.585339163243771310e+01 2.259509624481200873e+01 4.453421797071185040e+01 2.856099281311035298e+01
2.246618417501450438e+01 1.221554742393822579e+01 1.913153966267903527e+01 -8.328448388239616307e+00 -6.696260809898374688e+00 -3.924564317712247341e+00 2.382200162857771275e+01 1.229727307411088510e+01 1.373103713989257812e+01 2.326609338074922562e+01 -5.695324737124312975e+00 -2.127850138715337902e+00 -7.929157540406256643e+00 2.993808584213253798e+00 2.732670617955071712e+00 9.650301551818847301e+00
-4.452482193708418023e+00 4.920786450649123012e+00 -1.411913808186849018e+01 -9.950183675017047591e+00 3.087297890867541916e-01 -6.363318360076735125e-01 -4.446790973345436271e+00 4.900287064787457680e+00 7.332550883293156296e-01 -1.413458168506622492e+01 -1.948293048397794891e+01 -7.879382423491087195e+00 -2.283009912053197699e+00 2.130879030227662785e+00 9.195319307701925737e+00 6.964135861396790972e+00
4.259301114082337136e+00 1.617309602060965901e+01 1.253635517756144147e+01 6.401556055506928189e+00 2.341090727095700430e+01 1.375434809613902765e+01 1.264377581576506415e+01 1.598316131389304040e+01 1.875498199462890625e+01 9.452832996845245361e+00 9.196563985017016662e+00 7.965358447815691356e+00 1.355112431147327356e+01 6.340432171821597684e+00 2.410321324212210570e+01 1.236840944290161026e+01
4.953786382079127470e+00 2.620363145039003250e+00 4.467201073964438329e+00 -1.242457953484163014e+01 -7.093879545829732791e+00 -3.718449780401190896e+00 9.708600722253326154e+00 3.550530019280022209e+00 2.556611061096191406e+00 -1.335766553878783292e+00 -9.331599954424831367e+00 -5.844616611089024971e+00 -1.040137707370601206e+01 -4.377773103713987979e+00 -4.530491062573021921e+00 -1.730365967750548961e+00
2.117942556738852566e+00 1.446877602564878451e+01 1.383977858225504320e+01 -2.571753903089646798e+00 4.564982674559769471e+00 1.360189077989111262e+00 -4.893233217298991633e+00 1.250396813268531382e+01 1.222089290618896484e+01 9.529080212116241455e+00 8.961777372694523791e-01 5.191936756351166693e+00 -5.746379230936904392e+00 4.974674125909804623e+00 1.155246845313480897e+01 -1.802590942382813033e+00
-2.897541111707686134e+00 1.418422532081604714e+01 -5.072975158691317432e-02 3.761019622178186417e+00 9.700611939235614045e+00 3.042642288050561028e+00 3.528879791498184204e+00 1.186389857489769639e+01 9.190134048461914062e+00 -6.410169750452041626e-01 2.941929364349789466e+00 -1.857099513390227052e+00 1.230345883393947570e+00 -2.350983023643486547e+00 1.465492967196873764e+01 -9.701140689849854226e+00
-2.013530698418614762e+00 7.056847109876832391e+00 6.567971865336099668e+00 2.193347108104955812e+00 6.753609612280033758e-01 4.164962336139861776e+00 -2.818824283778664785e+00 7.493558684032260331e+00 3.812958896160125732e-01 -7.014729380607604980e+00 2.296694307429036463e+00 1.534000847754736885e+00 3.417612295036448256e+00 -1.011928653717011350e-01 3.154991266982897002e+00 9.495034217834472656e+00
-2.250495660305022128e+00 -5.223201189575465975e-02 -1.042388757069905303e+00 -2.734112953362251019e-01 1.121704953057425902e+00 -9.734345553618548585e-01 1.234388848145807765e-01 1.298832468790557526e-01 -2.518524169921875000e+00 -1.469309702515600446e-01 4.268357375773071394e-02 -3.010696798563005760e+00 1.572263549043708908e+00 1.573173968791962585e+00 4.168117326285158519e+00 7.715946871042252297e+00
2.587118817675879654e+03 1.642392537994255918e+03 4.908611884248993192e+03 1.507925418838905216e+03 1.865178751254357849e+03 1.067062473193099777e+03 2.968746305863414818e+03 1.375335374358192894e+03 6.387952698428667645e+03 3.894787051609773698e+03 1.725155721114710104e+03 1.971429065170432750e+03 1.281437823997315036e+03 2.276402999691738842e+03 2.080345999111110814e+03 6.166358115645975886e+02
1.330322265624999944e-01 3.786705280172420612e-02 2.967122395833333703e-01 9.154211956521739191e-02 9.600207270408163407e-02 4.535487912735854804e-02 1.951497395833334259e-01 3.367802868150692602e-02 5.546875000000000000e-01 2.883300781250000000e-01 1.060106230945122574e-01 1.136910574776786309e-01 6.940951412671236831e-02 1.369140624999999889e-01 7.819475446428571230e-02 2.236328125000000555e-02
