-1.395922539894396550e+02 -2.909266190162071553e+02 -1.218455368041992415e+02 -2.737946093462514909e+02 -2.809879875183105469e+02 -1.881126413345336914e+02 -1.844889183044433594e+02 -1.775483409214019161e+02 -1.283109374133022698e+02 -3.051318205163832999e+02 -2.049753583967685699e+02 -2.329183756510416572e+02 -1.551508528212705755e+02 -2.103870980398995414e+02 -1.345812683105468750e+02 -1.588793656826018719e+02
9.679806307279147859e+01 5.438369007293992752e+01 -3.366253668069839478e+01 6.203813416024911476e+01 1.149861946105957031e+02 1.323374579747517998e+02 -1.636490789055812911e+00 7.046064018249511207e+01 1.147924027876420894e+02 6.221644198640862555e+01 6.205273632208504608e+01 3.599911467956773947e+01 8.471754099527993276e+01 -2.335497379302992726e+00 -4.200108642578125284e+01 1.262726864624023904e+02
-3.178398992098295039e+01 -1.415699822971454580e+00 4.920533418655352875e-01 -2.052104042492052471e+00 3.492896461486816406e+01 1.164166202147801243e+01 -1.402465884983539723e+01 -2.729379287242889518e+01 -3.787161110422827903e+01 -4.756233990192431094e-01 -1.487665967643261311e+01 -3.751526888572810137e+00 -2.619610161532958870e+01 1.316154801845550182e+01 8.527410411834715376e+00 -2.405758691310882824e+01
1.475218676420358932e+01 1.088627687555093004e+01 -6.262582564353945003e+00 1.384089784604915785e+01 3.700723457336425781e+01 2.551930403709411976e+01 1.609744362980127619e+01 1.031462638735771264e+01 7.412219521132380251e+00 7.578782034681202262e+00 1.396950963512062849e+01 1.136721953659346696e+01 1.048472176566720115e+01 -2.037505575588768991e+00 -1.738126401901245188e+01 2.395692812204362809e+00
4.685429181502414053e+00 1.671869735305125504e+00 4.906059071421624118e+00 3.782221091398290103e+00 3.142355728149414062e+01 -1.834141901135444996e+01 8.670911359786982686e+00 2.689921385645865914e+00 -4.104197964885022643e+00 9.593651247151343542e-01 3.385716392348206316e+00 -3.222263058026634042e+00 1.257825201253094161e+00 -2.956285476684564206e-01 1.245560150146484446e+01 -1.593723602414128315e+01
-1.608916119176608106e+01 5.511993021919174396e+00 2.703645706176764918e-01 3.573570444963976911e+00 3.316115283966064453e+01 -2.908676453431447584e+01 -1.734373494982720310e+00 -1.022480915904045418e+01 -2.167233973416415438e+01 7.061197282786061180e+00 -3.363067759200930151e+00 8.030899969014251738e+00 -1.289139518489440661e+01 1.377654104573385929e+01 -2.003316617012023571e+00 -2.422903047561646162e+01
-1.039855609765419509e+01 -8.325583506088991115e+00 -1.571399497985839844e+01 -6.707475897194682624e+00 1.437617802619934082e+01 -8.008332277337709471e+00 -1.284126041233539617e+01 -7.739780354499814941e+00 -2.141820764541634503e+00 -6.664422341166657660e+00 -6.404634632170198572e+00 -9.937016319144854393e+00 -9.872283161679902719e+00 -2.400023719242640752e+01 -1.603299636840820241e+01 -3.883781723976141631e+00
-1.180802716842064903e+01 3.966067948020419287e+00 8.257286977767943625e+00 2.294517891994417358e+00 2.554696798324584961e+01 -7.566128907104336498e+00 1.492626862823962952e+01 -5.182030028104787078e-01 -6.669665431976314451e+00 4.802754592705288594e+00 -1.004739391307031549e-01 5.098002782373717068e+00 -6.004815923174217751e+00 1.928126934596470221e+01 7.726189601421356024e+00 -3.166058172881604627e+00
-1.441489966465877259e+01 -1.384491472863245143e+00 -1.168874990940093994e+01 -3.863381773665341967e+00 1.865996003150939941e+01 -2.046259516974290449e+01 -1.281238557100295949e+01 -7.881164540052413514e+00 -1.696592848734422887e+01 5.329928144495426068e-01 -1.032823873559633832e+01 -3.073291296308696019e+00 -1.182741936643918912e+01 -7.280711991446358944e+00 -1.756461834907531383e+00 -1.716212857723237306e+01
9.247958794465430898e+00 4.259181372821329248e+00 4.763607597351074752e+00 4.168028231008326756e+00 2.101079654693603516e+01 1.154899002114931683e+01 1.222972525954246592e+01 7.600466430187224454e+00 9.192146248167208711e+00 3.552223125670816550e+00 4.583138930300870939e+00 6.319550865527354233e+00 1.017566866725683106e+01 9.520860774176462371e+00 6.042246532440185725e+00 1.171772953510284232e+01
-7.773691684924636469e+00 -7.781131606835584691e+00 -5.241688299179076083e+00 -9.458772110766256347e+00 1.157730913162231445e+01 -7.955827649682759350e+00 -5.650855943560600281e+00 -6.685001846551894999e+00 -5.459909928928720291e+00 -7.395821319298540253e+00 -8.507899033526580723e+00 -9.784683061368538048e+00 -7.136870412031808719e+00 -3.750414473669868798e+00 -1.453666687011709868e-01 -2.537318930625912294e+00
6.232475491670461665e-01 1.472728164150164609e+00 2.706878256797790705e+00 1.699336073536804825e+00 1.343788099288940430e+01 -5.614689846833545772e+00 -4.073058068752288818e+00 -1.532509276866911296e+00 -9.194873690605150918e-01 1.766579248328158602e+00 9.938613176345817424e-01 -2.880172928174334901e-01 -2.315337852636973892e+00 2.517393938132694853e+00 -1.507213926315307262e+00 3.689050973653793530e+00
-6.133532293026258131e+00 -5.421219427998250850e+00 -2.439371669292450306e+00 -4.613553366799284738e+00 4.126670658588410312e+00 -5.616761838396389983e+00 1.485486958920954947e+00 -5.250601938962937254e+00 -3.333314754746177666e+00 -5.053911053436870304e+00 -6.234176112338900566e+00 -2.206549454819073386e+00 -4.819696791966756599e+00 -5.100156315735407730e+00 1.143245458602906162e+00 1.883239659667026444e-01
2.090967223369095336e+03 3.568065099073526198e+03 6.053525257249528295e+03 3.201563267333041949e+03 4.124044626588383835e+02 1.236675879698077551e+03 4.733260847656027181e+03 2.647452190740006699e+03 1.828063023393256799e+03 3.384891529572597847e+03 2.934738175029606737e+03 4.025806862552366510e+03 2.365893952985679789e+03 5.552464605003677207e+03 6.672331676060994141e+03 1.555628278676995251e+03
9.685246394230762057e-02 2.212571364182692180e-01 5.388671874999999556e-01 1.828365602355072339e-01 7.568359375000000000e-03 4.807535807291664354e-02 3.417236328124999556e-01 1.304199218750000389e-01 8.835227272727266823e-02 2.089687915558510189e-01 1.555887858072916574e-01 2.669270833333332593e-01 1.248291015624999889e-01 4.460797991071427937e-01 6.201171875000000000e-01 6.606445312499993616e-02
