-2.141653578016493498e+02 -3.126826470974272638e+02 -2.685593968441611992e+02 -2.358664316813151061e+02 -2.221129099065608159e+02 -2.913583017985026231e+02 -2.777582143147786269e+02 -2.222680038972334557e+02 -2.212415501276652776e+02 -2.951417013315054305e+02 -2.081979923248291584e+02 -2.283719889322916856e+02 -3.167757042145060495e+02 -3.171438944091796088e+02 -2.476334058973524179e+02 -2.414149531196145233e+02
1.305729988945855382e+02 7.197734387153020919e+01 3.357998366104931165e+01 -7.843027289708430771e+00 9.519593873457478139e+01 5.620173390706379735e+01 4.823978392283123640e+01 8.757791822606867527e+01 1.062406092325846032e+02 7.692989339583959918e+01 1.167767447662352964e+02 -2.052861160702173038e+01 6.532559507138265076e+01 6.853746472167968307e+01 1.353872418403625488e+01 7.570701223261215773e+01
1.015578317642212269e+01 6.233861990075199699e+00 1.556501561716983417e+01 3.690824063618978101e+01 -9.758466059782282542e+00 8.675166507562002138e+00 1.114317146937052705e+01 -9.850370892746878937e+00 -7.471924717972672880e+00 7.374623538591926319e+00 -1.254295281887054081e+01 4.567582511901855469e+01 6.566111542632651066e+00 5.888826213479045890e+00 3.350914276970757300e+01 -5.099640632815217955e+00
-9.565568168957980788e-01 1.306426536298431529e+01 1.143915895411842776e+01 1.151389004389444892e+01 1.753831673264503621e+01 1.149997854232788086e+01 7.993833335737385859e+00 2.180772089280863213e+01 6.192173106968391849e+00 1.505975679862194383e+01 -1.919223588705055050e+00 8.742732134130262622e+00 1.096503163720960217e+01 1.265003859996795477e+01 1.154218504163953973e+01 3.277982463030255644e+01
-1.917020493745803833e+01 2.905566790462593474e+00 -5.212942175175014903e+00 -1.569251499176025533e+01 1.286542361947623192e+01 9.209745352466902624e-01 -1.209723189473153049e+00 1.249601513553749399e+01 2.905032872160273172e+00 4.451284146270689135e+00 -4.575997680425665237e-01 -1.315443354182773206e+01 3.901450931329573102e-01 2.194083214700219386e+00 -1.380009823375278089e+01 1.504084514344439683e+01
-9.236288621193837756e+00 1.097754709383027816e+01 2.080335825367977876e+01 4.441989949544271354e+01 4.171156483617690647e+00 1.682723486423492432e+01 1.998591137925783912e+01 2.905797452750509713e+00 8.642633576194446832e+00 1.124929804221177854e+01 8.421691329330208475e+00 4.039212502373588620e+01 1.078103040089117215e+01 1.063914407920837490e+01 4.024548085530599195e+01 5.456024723894277173e-01
-1.985885794295204931e+01 -3.878745194821229703e+00 -2.216403404035066060e+01 -3.330670153299967495e+01 -2.723086421977392035e+01 -1.445893880724906921e+01 -1.899429341157277307e+01 -2.768800858475946924e+01 -2.058801318655411805e+01 -8.450041500421679785e+00 -1.990782878339290818e+01 -3.495639748043484474e+01 -5.828143046977381836e+00 -3.668084050208312519e+00 -3.120210435655381787e+01 -2.126688359064215206e+01
5.902025573783449275e+00 7.545609834051763443e+00 2.187055125989411763e+01 1.883881581624348911e+01 4.538862537253978147e-01 1.137233816583951196e+01 1.517214823762575548e+01 4.221516679633745994e+00 4.259538244456031464e-01 6.601953985599370078e+00 -1.516736699342729366e+00 2.266472477383083373e+01 6.715022817950380585e+00 7.596485561728475666e+00 1.679589430491129320e+01 1.107744766990927943e+01
-1.256112797061601860e+01 8.096547544134091723e-01 -1.514889350690339498e+01 -7.739435807863870309e+00 -1.269742916727606996e+01 -5.389864003285765648e+00 -1.319361729423204821e+01 -1.246175589141519779e+01 -1.464458792594571079e+01 -2.780821571747455589e+00 -1.735569612801075579e+01 -1.008775358729892346e+01 2.764723115714673440e-02 8.509095508455892798e-01 -7.211915698316361478e+00 -1.190230369874658933e+01
2.855427561534773950e+00 3.364337566860875040e+00 9.816550722247672667e+00 3.807557801405589082e+00 9.072491273554886604e+00 6.375240738193194368e+00 8.818764920035995658e+00 1.029628077420321119e+01 8.218941213190554151e+00 4.841311126565321032e+00 7.417308789193628904e+00 6.918033109770881595e+00 2.843655147424366092e+00 2.862353318095212984e+00 2.851636542214288195e+00 4.583503143752320597e+00
-4.254025383128060334e+00 -8.389509057708540496e+00 -6.602478814752477554e+00 -7.016119146347046254e+00 -5.847814928943463109e+00 -8.841883301734924316e+00 -6.803403807183106444e+00 -7.626664428717712774e+00 -1.402311967561630901e+00 -7.073068964175689644e+00 1.629616457223992398e-01 -6.087635205851659848e+00 -7.677733790094608324e+00 -8.625674588680256605e+00 -5.554693632655673952e+00 -1.059104730364154534e+01
2.801707287629445098e+00 1.576752522416347002e+00 -1.678283101633976759e+00 4.288250957926118545e-01 2.573868105086413394e+00 -3.315375000238418579e-01 1.766127099593479688e-01 1.527046066454866846e+00 2.879691998784742246e+00 2.524886888571274746e+00 5.501362891495226393e+00 -7.654910617404508955e-02 1.831172832400999706e+00 9.891793653666998143e-01 1.209498584270477295e+00 2.211926740539424951e+00
9.420913027392519012e-01 -6.261381771118777806e+00 -1.879702659029710787e+00 -1.066228137016296351e+01 -5.870457221161271555e-01 -5.368700563286743055e+00 -4.569094490259886676e+00 -1.864674067632767773e-01 -1.568328783661125492e+00 -5.788163865223905802e+00 -5.755339405685648835e-01 -8.406409939130146114e+00 -6.199657806447730124e+00 -6.832390002250685157e+00 -8.799600680669149355e+00 -9.598417591084427158e-01
1.464293500348754378e+03 3.093778550490496400e+03 4.592617926619990612e+03 5.652737941752357074e+03 2.232479798578200644e+03 3.683245221826844499e+03 4.099428353980854808e+03 2.444517423780458103e+03 2.000819968391806697e+03 2.910566562103860633e+03 1.768219061765781362e+03 6.009802942515722862e+03 3.346080744909759687e+03 3.210012114586719235e+03 5.208257668649484913e+03 2.674978821097359287e+03
6.667751736111116045e-02 1.608670665099558028e-01 3.414370888157894912e-01 4.711263020833332815e-01 1.033957741477272152e-01 2.256673177083333703e-01 2.903035481770833703e-01 1.122214577414773207e-01 8.942871093749980849e-02 1.433168068910256610e-01 7.529296874999981404e-02 5.294867621527776791e-01 1.854191004672897658e-01 1.701718750000000280e-01 3.863932291666666852e-01 1.234059053308823872e-01
