-2.282563000847311514e+02 -1.808481089274088731e+02 -1.885519764423370646e+02 -2.518798004150390568e+02 -1.690927692760120920e+02 -2.088656138294148263e+02 -1.739728940691266814e+02 -3.434622690301192733e+02 -1.958058526175362886e+02 -2.022423112547243136e+02 -2.030053737640380973e+02 -2.123046705457899179e+02 -1.587791817609001725e+02 -2.923005690141158084e+02 -3.779198086387232820e+02 -3.475550076520001426e+02
1.566355737424364065e+02 -1.050744280964137545e+01 8.201868867874144087e+01 -5.938105010986329546e+01 1.406149309331719621e+01 1.393946509451236295e+02 6.216836133684429910e+01 1.375840654875102587e+02 4.422913642156691338e+01 9.982374934407023659e+01 2.122970731258392618e+01 -2.490756694475811628e+01 1.255809439490823110e+02 1.525047361200506089e+02 9.460499311748303342e+01 8.829920048183863912e+01
-4.633182953853233954e+01 -2.350184112787243151e+00 -3.317083656275644188e+01 5.463146057128906818e+01 3.565222154964104107e+00 -4.994536948316502389e+01 -2.343043335505893765e+01 2.194401201448940952e+01 -2.552958261966705322e+01 -3.429972887039183860e+01 -6.298133939504602097e-01 2.022662256161372341e+01 -5.229399090128788430e+01 -1.018652677536013940e+01 1.480057026210552351e+00 -1.580495229253062206e+01
1.274985845007147489e+01 4.392824578285217996e+01 4.999086804687977548e+01 4.481658859252929972e+01 5.473443707552823412e+01 2.757372259643842938e+01 5.025010762895857397e+01 4.381557635257119188e+01 4.378435134887695312e+01 4.541518789142757839e+01 5.928031921386718750e+01 3.686797375149197364e+01 2.705320415602011508e+01 2.573973663015799573e+01 4.125853588706569042e+01 4.219390492969090189e+01
1.180201069236386147e+01 6.353535616149496690e+00 1.386308932304382324e+01 1.582577819824218679e+01 -4.925477819009259406e+00 1.159042083429840098e+01 1.333962700281824532e+01 2.433642096268503252e+01 1.104641368843260452e+01 1.276106778290364296e+01 1.476379104852676427e+01 1.398035479916466706e+01 -2.079957695568294795e+00 1.471741488846865664e+01 2.987738971333755345e+01 3.311765465029964162e+01
-9.165272382252352301e+00 2.234834244350593124e+01 -2.020330561324958918e+00 3.370506362915038778e+01 2.108691753040660188e+01 -1.340709329719813070e+01 -4.146654776164471201e-01 1.217593068198153716e+01 8.769895056883491691e+00 -4.075257412798997336e+00 1.744344346523284983e+01 2.427812833256191638e+01 -5.713289605344042954e+00 -8.616980352184988590e+00 1.024831205410393764e+01 3.624238891182115729e+00
-1.592855848518071715e+00 3.038014207035304004e+00 -4.417156511917714745e+00 -9.904587221145630949e+00 4.836445835503664803e+00 -1.767905560585686819e+00 -3.073336608069283216e+00 3.393534861112895484e+00 5.506410906712216224e+00 -2.042086867542836082e-02 3.207351878285407132e+00 -3.615347743034358352e-01 -3.756938944844616657e-01 2.055255334485660335e+00 1.195759418763611848e+01 9.339875738929814375e+00
8.343988325081619806e+00 4.165472644070787211e+00 -2.818042508326467299e+00 2.168261375427245952e+01 -2.159157178618693607e-01 6.717371654960348160e+00 1.463000440597538976e+00 1.437204075800745429e+01 7.400308631715319052e+00 3.809644600787724045e+00 1.894962561130526524e+00 1.075314680735270123e+01 -4.769368136630305344e-01 1.154074994542382093e+01 1.920396287190287055e+01 2.275623158613841213e+01
-7.780914233011361425e+00 1.164827084541321334e+01 7.266151329502460676e+00 6.358873319625853782e+00 2.449516258456490014e+00 -6.476361844337219509e+00 6.962227921826499077e+00 -3.525309123490983909e-01 1.080751274880909030e+01 1.401484671351197697e+00 1.005968023538589584e+01 1.590874936845567511e+01 7.036575438345172850e-01 -9.229216520081868325e+00 4.055079731894166706e+00 3.257359162248945061e+00
4.461333053369148871e+00 1.148653419874608517e+01 2.347775720059872562e+00 1.364479751586913991e+01 1.719521045684815341e+00 4.700794526428547115e+00 -5.330781034060878554e-01 -1.092428031720611870e+00 7.853285108293807326e+00 2.607093770782669573e+00 1.953658142685890997e+00 2.305729955434800083e+00 2.402982318226029701e+00 5.439690584824844244e+00 1.366592675761172870e+01 1.346014925396001161e+01
8.246005297291516101e+00 3.833910676340261503e+00 -1.827177352737631377e+00 7.329304361343382368e+00 -1.352709694342180580e+00 5.713768684920277785e+00 -2.399218882833204614e+00 -3.017008872408612152e+00 8.443361520767433959e-02 -2.606979035711916026e-01 3.323340512812129610e-01 5.319835874769422546e+00 3.162406193202035531e+00 6.416380249641159494e+00 1.077846607252171296e+01 1.070940371464800300e+01
-5.493562163091176842e-01 3.002067153652508757e+00 2.679310834035276923e+00 4.646511435508728027e+00 4.410191904414783259e+00 -7.135786560346470964e-01 4.539372179337910040e+00 8.747421245825917069e+00 6.419619262218475342e+00 1.730416068783053651e+00 4.794091080874204103e+00 -5.436565428972248704e-01 2.607782770605648004e+00 -5.576998279853304652e-01 6.375678636525806908e+00 3.708220255043770841e+00
1.513098151076088804e-01 4.306409864996869175e+00 8.392172695603217214e-01 6.667040252685546342e+00 2.970570044084028360e+00 1.672609939327779127e+00 -1.287450705255768213e-01 3.652681350708007812e+00 3.177330603202183745e+00 2.300686891202802009e+00 2.513728904724120916e+00 4.454545590612623229e+00 -4.589021398740684710e-01 1.827464712614362163e+00 5.718136611737703490e+00 7.608360256309859793e+00
1.293748520090796319e+03 4.417174802969802840e+03 2.160258759171326801e+03 5.991308787244490304e+03 3.875539928210407652e+03 1.508620420223893234e+03 2.522009564693827997e+03 8.188433721728983983e+02 2.988265954998526468e+03 1.911274850606089331e+03 3.474780823923911157e+03 5.222867785042886680e+03 1.709460586981876986e+03 1.087527064122746651e+03 1.335863649465482013e+03 1.649647996954030987e+03
6.242340686274508443e-02 2.504882812500000000e-01 9.502410888671873612e-02 4.220703124999999889e-01 2.020596590909090606e-01 7.679834905660376521e-02 1.094447544642856984e-01 2.140727796052631360e-02 1.469959077380952328e-01 7.662210836038960138e-02 1.375488281249999944e-01 2.976888020833333148e-01 8.755313648897058987e-02 4.042746803977272096e-02 2.445261101973683626e-02 4.144061053240739867e-02
