-2.994500100151611264e+02 -3.398349355061848769e+02 -2.852547743661062896e+02 -4.869917431903144234e+02 -5.545897082160503260e+02 -4.055492899880479740e+02 -2.853640375677144334e+02 -2.995405044555664062e+02 -3.099257529763614230e+02 -2.960623010463472724e+02 -5.203483528796540440e+02 -3.219902022512335407e+02 -3.249781787294329547e+02 -3.492483940124511719e+02 -2.782160710353476816e+02 -4.272411083464926378e+02
1.222459475691147475e+02 -4.476847269799969808e+01 2.654521792275568259e+01 1.135109386649182994e+02 6.506521724252144168e+01 1.467443221362669590e+02 9.123388887801263536e+01 6.310920225249432747e+00 4.924250585892624343e+01 1.426508082115599620e+02 8.789629886768484823e+01 -1.126032718859217141e+01 1.535379363551284939e+02 -6.387360239028924980e+01 7.106552617690147144e+01 1.527366131721659315e+02
-6.077792996958465466e+01 4.755959796905516157e+01 1.149982870902333332e+01 -7.081212155280585563e+00 2.242473096137541688e+01 -2.441722193115683837e+01 -5.108523034824518305e+01 3.441999442627033545e+01 3.470668414059808526e+00 -6.798025567746461206e+01 5.298223869300230149e+00 4.349002461684376897e+01 -6.028190998019588420e+01 5.268718552589416504e+01 -1.924132309269671381e+01 3.970290214457385503e+00
4.047113358381702852e+01 3.897719616360134864e+01 3.939317134448459967e+01 3.045385335081367373e+01 3.588977721158196488e+01 2.466921709233254134e+01 4.827271738142339785e+01 4.077881232897441066e+01 4.532251076487933972e+01 2.642679812851897481e+01 3.201640029306764745e+01 3.878826261821546240e+01 1.894805373892641853e+01 2.945132529735565186e+01 4.580503641390332348e+01 2.942011318435060474e+01
2.278693075436913773e+01 4.780945367283294445e+00 1.221811415467943895e+01 3.011788320541381836e+01 2.229258890362347145e+01 2.354187902585784187e+01 2.226192932533768243e+01 6.096825096342302075e+00 1.423489268211757874e+01 2.221033006922498032e+01 2.691649693618586170e+01 5.284577284988603907e+00 2.146057025808276819e+01 1.147560272365808487e+00 2.022036541209501692e+01 2.216137226211263922e+01
-1.741950414556168170e+01 3.419822714063857916e+01 2.329425236157009493e+01 -4.109982653971639976e+00 1.271745892132029887e+01 -1.436459944230406194e+01 -8.171407666971099104e+00 2.764814125167000469e+01 1.710056675225497713e+01 -1.516409105433417537e+01 2.921661800808385223e+00 3.106118869781495562e+01 -1.317324922427986778e+01 3.080975013971330156e+01 3.803602284076166740e+00 -1.051399587411830083e+01
-1.518630753613966533e+01 -4.260252541965908080e+00 -1.338424069434404373e+01 -2.486682736104534719e+00 9.538399901021943350e+00 -2.550839298585457549e+00 -1.723021708344513314e+01 -9.511608074108758970e+00 -1.286741658519296116e+01 -1.369125101469103178e+01 1.683385069723483340e+00 -6.788624038821772899e+00 -7.812360135352973245e+00 -4.415535253472626209e+00 -1.592688009318183440e+01 -3.622706462728216614e+00
1.201737269742713465e+01 1.094102152188619037e+01 6.618125945329665250e+00 1.411572611844668401e+01 1.798048618961783518e+01 1.207566879222642697e+01 1.133434448602064570e+01 4.653214342064325493e+00 4.317257481462821289e+00 9.559220453636338988e+00 1.750177773943654458e+01 8.090077180611457308e+00 8.648728407693637266e+00 1.222797163575887680e+01 4.384288528386291794e+00 1.672055353255982624e+01
-1.364882919011193607e+01 9.943058398034835932e+00 -2.327046100582396804e+00 -3.986391074875339946e+00 9.973878066767664308e+00 -1.193525869232506409e+01 -1.054212247032039684e+01 9.492948866552763931e-01 -4.184043358354007758e+00 -9.308768064679002308e+00 4.047483681160717772e+00 2.624729652153820147e+00 -9.864366474657359163e+00 1.031356859207153676e+01 -6.491586332227669232e+00 -7.357314026102121929e-01
-5.297852444632109581e-01 7.736402593346105583e+00 -2.277409777045250827e+00 8.551487595804282194e+00 1.458886211058674220e+01 3.736048224924214178e+00 -7.461435583964712848e-01 -7.167861925231084896e-01 -2.258550444508301780e+00 4.485146431963840996e+00 9.990108044059194725e+00 -1.361552892546917803e-01 6.167799435781711637e+00 8.982188321650028229e+00 -1.437913206278106593e+00 2.541981173322554355e+00
7.518704149769151357e+00 1.248437860276964173e+01 6.880756986992698998e+00 9.766740916557207441e+00 1.114249414731474275e+01 6.414651054499755922e+00 7.187412824270857925e+00 8.347208956877389952e+00 6.353182967971353179e+00 5.112551743380508107e+00 9.743943864732610649e+00 9.212995162135676708e+00 5.946674227804848556e+00 1.718188339471817017e+01 2.463872364046522101e+00 2.705981468900719555e+00
-1.366191103478164415e+00 6.409398655096687492e+00 3.378191118793827830e+00 3.983508361283112365e-01 1.229853594303132525e+01 -3.225833983341262812e+00 -2.581843516736666011e+00 3.771455095873938124e+00 8.386331156772719453e-01 -3.885024391018765844e+00 6.053772188263181420e+00 1.128798676164526338e+00 -7.045655938350774861e+00 5.908965743146838534e+00 1.766917493413474372e+00 2.871414663943836043e+00
-2.614272805208665229e+00 2.942730969852871414e+00 -2.984873712062834361e+00 2.428404291470840803e+00 6.656263601254006623e+00 2.850348318913109233e-02 -2.859664261341099856e+00 -3.010137955347695904e+00 -2.823945285642846414e+00 1.088564946040376569e+00 4.531491575601652499e+00 -1.232600003480910589e+00 -1.273073690226588450e+00 -1.149921530857682006e+00 -1.757198651631671771e+00 -7.430666878502413253e-01
1.789489257474211627e+03 5.747099864656361206e+03 3.768882787522245962e+03 1.527908942724901863e+03 2.031287469575393061e+03 1.244495367852697655e+03 2.025371165462192948e+03 4.539604851028725534e+03 2.980652664341006130e+03 1.599079866241703712e+03 1.812042340057275624e+03 5.079931440338757966e+03 1.431775763972289724e+03 6.256229149448760836e+03 2.376497087314738565e+03 9.587549172128100281e+02
9.836304385359118108e-02 3.642035590277777346e-01 1.944405691964286031e-01 4.787781418010753770e-02 3.577378216911769604e-02 4.962249300373124811e-02 1.002404554834905731e-01 2.463378906250000278e-01 1.405675551470588758e-01 8.662277025214595860e-02 4.452401620370375485e-02 2.728464226973684736e-01 7.481652462121216041e-02 5.007934570312498890e-01 1.205193014705882582e-01 3.554064162234046864e-02
