-2.155115725199381131e+02 -2.245038519965277715e+02 -1.653432542461238199e+02 -3.433072148075809764e+02 -1.501919524452902692e+02 -1.727607578701443174e+02 -1.389792549056236339e+02 -1.792361068725585938e+02 -2.329301528930663494e+02 -1.421285608026045395e+02 -1.826118670093769936e+02 -3.517603593306107541e+02 -1.383637954048488155e+02 -2.031704483032226562e+02 -2.529335344754732091e+02 -1.769618089463975821e+02
1.461594478607178189e+02 -1.116499900817856883e+00 5.726861802192583895e+01 1.131987013640227246e+02 4.149532109498977661e+01 1.765298058589299046e+01 9.883962288288157083e+01 -2.326480714480081247e+01 1.622854067244620069e+02 1.245766209469565950e+02 4.816781699900722913e+01 8.805091372403231276e+01 7.532966837675672878e+01 -7.784595108032226562e+01 1.732702674865722088e+02 2.662882698906794587e+01
-3.489714378913242854e+01 2.789127012093862845e+01 -3.680365773341426916e+01 2.390480959856969179e+00 -1.251531506668437466e+01 9.338980701234611104e+00 -3.848632784112534466e+01 3.670206896464029711e+01 -3.119285547058537489e+01 -4.069868874021722860e+01 -1.759084314655283521e+01 4.646438793702678538e-01 -4.376967327717855483e+01 4.898809051513671164e+01 -2.249673127211057277e+01 -6.122741699218785527e-01
2.024647448658943816e+01 3.943974113464355469e+01 5.184305145315929053e+01 2.206671612351030021e+01 6.811617426438766643e+01 5.384297858344184817e+01 4.591067014077698616e+01 4.194880135854085523e+01 1.643083503223816066e+01 3.105923796303665085e+01 5.685604637009758022e+01 3.448664340105923998e+01 5.050837760726395942e+01 3.652125740051269531e+01 2.213804123493342146e+01 6.494986173841689947e+01
9.665846525629355313e+00 1.994289272858037165e+01 3.687033694288502694e+00 2.222723816059253110e+01 -1.977343131195419268e+00 3.466096697582135455e+00 -4.638915470754267467e+00 2.085205682118733606e+01 1.732431803109510327e+01 -1.691632304010519228e+00 7.259054359124632150e+00 1.982399407841941752e+01 4.592771390857794955e-01 1.321375703811645508e+01 2.526743732965908507e+01 1.043719761901431653e+01
-1.038116863841811899e+01 1.264289728800455492e+01 -1.669357040565309092e+00 2.984842702194503428e-01 5.188259157267480326e+00 2.168125832080840709e+01 7.111831229142454580e-01 1.704038286209106090e+01 -6.836338716576686458e+00 -1.878103881697112509e+00 4.680744214933739933e+00 6.884066034447059224e+00 1.218699967731598166e+00 2.744529247283935547e+01 -1.347246042123208021e+01 1.551896173093053832e+01
-2.844512395560740536e+00 3.184475779533386675e+00 -9.538035711197007771e+00 2.574587693920839637e+00 -3.321825557134368001e+00 -5.239265285432339603e+00 -6.198825934770182400e-01 -7.011376698811848662e+00 -4.372415907540410984e+00 -4.811321312868145128e+00 -6.273972204753331283e+00 6.035579334605816193e-01 -5.181423853272980828e+00 8.323755264282226562e+00 3.519639567686954074e-01 -1.146951132350497637e+01
8.849159274498623162e+00 8.499779330359565677e+00 7.042514356031812639e+00 1.638065597746107471e+01 1.154069066183133785e+01 1.603008126219113905e+01 3.051930702093796910e-01 1.419215766588846961e+01 4.787111084135074357e+00 4.364458279896386905e+00 6.303939214774544553e+00 1.304347491264343617e+01 -3.125129486231711162e+00 1.993717479705810547e+01 7.363167684811814162e+00 1.500901144080691907e+01
-5.348377866173785300e+00 9.973759916093607458e-01 6.151277445767018293e+00 -1.208414342668322039e+00 -3.368699489669367164e+00 -4.073590212398105592e+00 -2.959253948445270677e+00 5.884547432263691036e+00 -9.579110394952440544e+00 -4.642480503154707172e+00 4.980790886343739565e+00 7.442221999168396884e+00 1.765412041998426496e+00 8.181657791137695312e+00 -1.808765691748033078e+01 -5.268517997529780228e-01
7.179343244433402660e+00 6.458299954732259707e+00 -3.329153741875739758e+00 6.694031609429254459e+00 -8.721675656058565096e-01 7.801771057976617740e+00 4.369108005304529918e+00 4.726191759109497070e+00 5.903571659663938931e+00 6.827248549914058273e+00 -2.634987439428056799e+00 1.121756828644058857e+01 -8.961761570333135474e-01 1.023872089385986328e+01 3.301502007704519848e-01 2.537130104170905565e+00
3.087642180919645707e+00 7.806175192197164492e+00 -2.764097476658750607e-01 4.548016817481427942e+00 -1.144841427152806235e+00 4.288738452725940675e+00 -3.933725322436793626e+00 2.996644655863444751e+00 4.283416777286887189e+00 -1.392251628863665491e+00 9.387216373365758759e-01 5.001539489762349078e+00 -2.527415850564179944e+00 7.958021402359008789e+00 3.234138358097809807e+00 -2.213396628697713586e-01
-1.889328976968922769e+00 2.708020144038730592e+00 -6.179046304258568600e-01 2.247494730684492126e+00 2.074654113162647029e+00 1.546731167369418181e+00 3.359197302373376104e+00 4.745152870814004942e+00 -2.543800917998797928e+00 1.795113534301146396e+00 -4.047083723909967734e-01 2.031686977906659752e+00 3.995388177102031868e+00 6.193199872970581055e+00 -7.028903328455407440e+00 6.463799046145543015e-01
-1.477706540624299292e+00 4.907792276806302922e+00 -5.380297138164305437e+00 1.358730361417488375e+00 -1.995828176086597683e+00 2.426057621836664069e+00 -3.005529243461411593e+00 2.845406964421272278e+00 -1.997095361070810871e+00 -1.233598955069917791e+00 -3.763616758341691515e+00 3.489256738939070068e+00 -8.334594033334562724e+00 6.043508291244505948e+00 -4.591551771530738790e+00 3.848604998654790776e+00
1.441963585932787737e+03 4.903943706257931808e+03 2.493081122980166128e+03 1.734942545955805372e+03 3.096164953753772352e+03 4.149165742458648310e+03 1.947717213426342369e+03 5.462474171685918918e+03 1.252710327418159068e+03 1.670323702168081127e+03 2.777014468632763965e+03 2.109424641355671156e+03 2.223512210627890454e+03 6.583292121412116103e+03 1.007723448749128693e+03 3.537999526451223119e+03
7.304687500000001110e-02 2.554796006944444753e-01 1.088800299657534387e-01 5.282479745370370627e-02 1.582697088068182045e-01 2.216525607638888951e-01 9.302004419191919893e-02 2.713216145833333703e-01 6.408461084905661687e-02 8.314378955696202778e-02 1.207948022959183798e-01 6.860351562500000000e-02 9.893533457880435145e-02 5.910644531250000000e-01 4.507211538461539102e-02 1.725260416666666852e-01
