-3.437609467587228096e+02 -3.509777982375200622e+02 -3.786812575490851032e+02 -3.626620419366018950e+02 -3.243446342272636116e+02 -4.828962023504848844e+02 -2.657718505859374432e+02 -3.195532999674478560e+02 -3.555350773698192484e+02 -3.575071846170628191e+02 -4.093992732121394056e+02 -2.987888253564992169e+02 -3.126650218963623047e+02 -3.706462030410766033e+02 -2.677859178815568839e+02 -5.518639271016023713e+02
2.693965633238776292e+01 1.232515001296997070e+02 -6.519960177572150428e+01 5.932970298826694489e+01 -2.460428933168833510e+01 1.368629623939251019e+02 1.016341178626344970e+02 1.039552984899944477e+01 3.819710936788785460e+01 -4.306958821986583530e+01 1.338766129043075921e+02 1.160958158166369003e+02 -1.850588337332010269e+01 4.868309173732995987e+01 8.331803185599190442e+01 6.575071498325893060e+01
9.349632014662526913e+00 -1.369650772827519791e+00 5.133746906330711113e+01 -7.919100695156632952e+00 3.482044631701248960e+01 4.352093311835979961e+01 -2.361072995613890413e+01 3.063597941928439639e+01 2.613734658491811302e+00 5.014485643772368917e+01 1.520024106070234815e+01 -1.426929015818551783e+01 2.326379869692027214e+01 2.482729007024317980e+00 -1.888457635492086695e+01 2.097218731714754369e+01
3.688816702416387727e+01 2.862748456220415960e+01 2.737863538139745145e+01 4.345505287551452511e+01 3.816232194044651749e+01 4.870795720199058110e+01 2.917752284578412514e+01 4.200445512135824089e+01 4.060501619112693561e+01 3.452967449959288615e+01 3.313861962792637428e+01 2.814507494842152013e+01 5.065502944588661194e+01 4.411142090708015928e+01 3.399283693688254715e+01 3.319877743234440004e+01
1.463879432920682255e+01 2.781760667615076699e+01 4.453641338764040114e+00 2.302625646921140046e+01 9.548875852655143603e+00 3.133001711861839311e+01 1.702728802593129132e+01 1.360731973383162696e+01 1.780381646550307551e+01 6.900444423264634253e+00 2.440857431128783972e+01 2.164951998983298154e+01 1.293819868005812879e+01 2.268975906353444216e+01 1.545443700041088775e+01 1.898460434894172266e+01
1.213159055426969068e+01 -5.190004254198237632e+00 2.878304711768502955e+01 -2.890632816723414322e+00 2.358767419594985526e+01 1.614870202952436440e-01 -1.398994921352606546e+01 2.074657508002388084e+01 1.425559505517200698e+01 2.917730614479550866e+01 -2.175391956017564965e+00 -1.160802548102911835e+01 2.226102294959128614e+01 1.054687279299833236e+01 -1.469070941933564889e+01 1.188059095947109434e+01
-1.025781372846183004e+01 -1.518608996502179131e+01 -3.023168661092460852e+00 -1.813237810773509295e+01 -5.153596975864513041e+00 -1.238153430922281473e+00 -2.020534590222158400e+01 -9.124797339571848909e+00 -1.044801269547414080e+01 1.118167762426640621e-01 -9.792341692107072504e+00 -1.809738967151928790e+01 -1.003641106188297449e+01 -1.104264134913683115e+01 -1.956543395497968518e+01 4.880300858799305530e+00
1.441334717278763122e+01 1.693006572017774758e+01 2.191096545520581529e+01 1.814082363716858382e+01 1.796801822842695628e+01 2.368828416692799266e+01 1.911935509506024644e+01 1.608720674117406091e+01 1.406985598145904959e+01 2.053257230494884666e+01 2.369804853954157764e+01 1.878189955330685024e+01 1.830251766834408045e+01 1.590444809198379161e+01 1.790447822899690422e+01 1.830718144591973484e+01
-4.456063326637622168e+00 -2.077466867732650968e+01 3.494436291487593493e+00 -1.280181953417403129e+01 -3.937804734095546877e+00 -3.081526542532031954e+00 -2.512378882664685875e+01 -5.964408300320306111e+00 -3.207460282212595715e+00 2.939653813838960517e+00 -1.209943654642000155e+01 -2.488374036320006510e+01 -3.829767515882847917e+00 -9.088320728391407144e+00 -2.572243517807551427e+01 3.806232796031602916e+00
1.410567323030050702e+01 5.760494123212994921e+00 1.682806585023276824e+01 2.725841510508732579e+00 1.257546678567544340e+01 -1.658348954957062915e-01 3.047264663687750730e+00 9.123090083731545619e+00 1.251593283475455465e+01 1.455264552096102548e+01 1.680199186553000601e+00 4.622059723516690255e+00 8.268717585131525993e+00 9.742273941868917930e+00 -2.151843892676570391e-01 1.272500804249120421e+01
2.500899486622567114e+00 3.632023543119429654e+00 5.485856333845539723e+00 3.230339428276888469e+00 1.919836404996039469e+00 6.769084204887520606e+00 4.828154046720231740e+00 2.592491375737719483e+00 2.896137077424485007e+00 5.885219300046879098e+00 6.199880220077850446e+00 4.118360154618873281e+00 2.809885865077375477e+00 2.489270702004431790e+00 1.649048474218164806e+00 9.016183805708987364e+00
6.201494651325674567e+00 -4.097425925600195473e-01 8.765592879370636581e+00 1.306816674768910280e-01 6.864176047918121526e+00 5.222857380735459465e+00 -3.241455392705062444e+00 6.287974360916346761e+00 5.813275139210584364e+00 8.705266092685938872e+00 2.794654562414343957e+00 -2.851028602776105814e+00 5.077807819470760542e+00 2.084906146395950177e+00 -5.765847282218066638e+00 7.061066174993706035e+00
-5.393903373661686373e+00 -8.672303605605562460e-01 1.554922686595666459e+00 -5.165567050554939144e+00 -1.993015632415428451e+00 3.045162642824239985e+00 -3.343395471834298860e+00 -4.546076349417367268e+00 -2.263892794059493951e+00 1.415199487767321518e+00 -1.503262876809305926e-01 -1.934453587258717411e+00 -1.209544317796825696e+00 -3.960968636441974500e+00 -3.038540252191679336e+00 2.834758805529196568e+00
3.801477639765374533e+03 1.462454207691547026e+03 6.363007905728152764e+03 2.508107383123771797e+03 5.312149268816141557e+03 7.070499339936909564e+02 1.967353356539141714e+03 4.297466515264881309e+03 3.299042290552531085e+03 5.828125235373679971e+03 1.113715903126121702e+03 1.729029157228078702e+03 4.816177283768674897e+03 2.871283053291422220e+03 2.214489452598675598e+03 2.123344678189749629e+03
1.753509004237288893e-01 5.116900275735287995e-02 4.584832442434211841e-01 8.451189313616079557e-02 3.218775040064101312e-01 1.863887392241385388e-02 8.332191154970758351e-02 2.073784722222222765e-01 1.332428495762712217e-01 3.526429521276596701e-01 3.268264938186801749e-02 6.407275120856346928e-02 2.551574707031250555e-01 1.062545776367187500e-01 9.138183593750007216e-02 2.350725446428576781e-02
