-2.412078549132054377e+02 -2.679883516099718008e+02 -4.053872006064966058e+02 -2.788369756062825786e+02 -2.798787045686141255e+02 -2.460466777256556270e+02 -2.811060348510742415e+02 -2.624036881820015310e+02 -2.860698748136821337e+02 -2.421639990299304941e+02 -4.504962332589284983e+02 -2.543450729597859663e+02 -4.921217956542967613e+02 -2.901728752983941035e+02 -3.173323364257812500e+02 -2.917000801780006896e+02
6.984065713687816412e+01 -2.151024554835427693e+01 1.115522588094075900e+02 2.379529574778342749e+01 -4.583249382350753365e+01 1.143712468828474016e+02 1.223844681978224003e+01 4.121270339385321790e+01 9.705187646966066950e-01 9.091052497701446100e+01 1.192032473427908599e+02 5.703717211822965538e+01 8.092177679879323193e+01 -3.227228098445486637e+00 -6.931619262695312500e+01 1.977937320145691302e+01
-3.339776632676324652e+01 3.351294634077284229e+01 8.818169957713081430e+00 -2.062529559930158740e+00 3.424785349680030322e+01 -2.775252072229271150e+01 8.016155934333806243e+00 -8.022765493911247603e+00 1.003716296898691596e+01 -3.431089363009377990e+01 2.676420441269874928e+01 -2.195840678108271504e+01 2.348142105170659022e+01 2.127254568868213624e+01 5.047573979695637547e+01 4.273303812200374807e+00
3.863313926482687322e+01 3.753660745090908790e+01 3.524775588512420654e+01 6.237419128417970171e+01 3.543882459142933783e+01 2.384530968609310975e+01 5.679377384185791300e+01 5.618804919201395620e+01 4.504875675000641877e+01 2.881674393076213292e+01 4.496336916514805182e+01 4.857533926038599503e+01 4.296154482705252065e+01 4.020207542843289161e+01 3.023935953776041430e+01 5.999046256325462423e+01
2.672220146169390631e-01 1.205066741175121869e+01 1.369671471913655836e+01 3.349628615379335983e+00 1.212640663851862399e+01 -5.738216032584513293e+00 1.615120409727096629e+01 5.629309268101403418e+00 1.083011729936850642e+01 5.089450605371990122e-01 1.816528531908988953e+01 7.428145608795224675e+00 1.967562675476074574e+01 1.506095555424690247e+01 1.826378536224364879e+01 1.227439913605198996e+01
-9.550823402039796406e-01 2.342803732554117957e+01 1.130808638036251601e+01 -1.566798941294348602e+00 2.328892003971597902e+01 1.157578756411867360e+00 1.034415113329887248e+01 -4.660225675157876779e+00 2.295470882089514575e+01 -7.570836962536731107e-02 1.511477104255131643e+01 -4.508095818557842804e+00 1.391942013757569541e+01 1.960712304711341503e+01 1.803240521748860914e+01 6.645676107117622244e+00
-6.145713098195212942e-02 3.338331811957884754e-01 3.034643995134458372e+00 -1.177825482686361225e+00 -5.076831231946530743e+00 -2.293805685071719225e+00 -3.246988545358181266e+00 2.285895523169766186e+00 1.071037806962650274e-01 -2.266107211087617368e-01 7.843220221144815874e+00 -6.633537897867936906e+00 6.015993028879170978e+00 -3.168720745378070358e+00 -3.376401424407958984e+00 -1.159825874097420106e+00
-4.655871868133532487e+00 1.007374637160036102e+01 4.713119608268403482e+00 2.869950734244454349e+00 9.830006539821624756e+00 -9.571116782370062026e+00 7.797606939077378563e+00 -3.541221722312594133e-01 8.110403155025682764e+00 -8.395732877894907631e+00 1.328141201819692441e+01 -5.642469368541411789e+00 1.347319421768189329e+01 9.189750562111537846e+00 1.377350425720214844e+01 5.929508384430042689e+00
-5.943986733957198343e-01 5.246565090285407962e+00 4.482546668303642790e+00 -8.106092092725962317e+00 6.255128383636477274e+00 2.043968155270532439e+00 -7.846972763538353490e-01 -6.694878300894858469e+00 1.929232464024896787e+00 -5.285079428490063735e-02 3.155684173107149881e+00 4.244069021139773579e-02 6.702951162202019475e+00 3.079724215798909093e+00 3.156024098396301270e+00 -8.595565015619439642e-01
7.797747768309641891e-01 3.658795899815030062e+00 7.727437744015142940e+00 -2.341789213816326320e+00 3.270703720009844773e+00 4.852626353502273560e+00 1.832301959395408408e+00 -2.814136176653531773e+00 3.595624158256931935e+00 2.269865023170378748e+00 5.708283327519892758e+00 -4.412682946048573918e-01 1.020476615939821485e+01 4.831082036097843257e+00 5.016849835713705019e+00 2.187253171747380875e+00
-7.062535778600333991e-01 4.943644656075371735e+00 5.385970290815617290e+00 -2.746499781476127389e+00 1.448768239954243864e+00 -1.049244239216757579e+00 3.874613761901856357e+00 -2.866938820351712103e-01 7.856867351030043523e+00 -2.489840578525632786e+00 6.435891581433157427e+00 -1.732389602198533440e+00 8.755834643329887257e+00 5.606825298733182805e+00 1.264991124471028794e+00 1.118870576222807944e-02
7.302508190274237698e+00 4.404694719447029172e+00 9.187970639582264454e+00 2.867061948776243430e+00 1.887951213380564042e+00 9.419947280060675610e+00 1.668009114265441184e+00 4.999504770921623376e+00 2.559861907833500538e+00 9.660076187012048621e+00 8.206826629383222382e+00 7.427774661734921402e+00 9.699682520968572419e+00 2.030252370983361310e+00 1.474831104278564453e+00 4.366372502211367745e+00
-8.633727313912649137e+00 -6.719249884287519237e-01 1.181549349374940938e+00 -7.319579129748873925e+00 3.381517879340961485e+00 -5.046134226378939935e+00 -2.426774179935455855e+00 -6.650029286094334857e+00 5.298469013289405005e+00 -8.873805685721819714e+00 1.851317468498436369e+00 -6.097891267778268620e+00 2.526466655731204547e+00 3.040085895193946008e+00 8.442491451899211796e+00 -2.139860238089706712e+00
2.283878478253368030e+03 5.274821414212046875e+03 1.397808105004227855e+03 3.124201981172587693e+03 5.909073272175569400e+03 1.705850678364464329e+03 3.826677954454575229e+03 2.853579327431456932e+03 4.378683761282170963e+03 2.014905426889554974e+03 9.873045187781779077e+02 2.530952168338523734e+03 1.778302559304230726e+03 4.759076201150846828e+03 6.723986405321900747e+03 3.435257370711184194e+03
1.020457987882652795e-01 2.808702256944444198e-01 4.179516173245612087e-02 1.358072916666666630e-01 4.417459239130434590e-01 8.047340029761901326e-02 2.080566406249999833e-01 1.281207540760869734e-01 2.379214638157894357e-01 7.936128656914889778e-02 2.491978236607139685e-02 1.097248134328358132e-01 4.151785714285712026e-02 2.469075520833333148e-01 5.797526041666666297e-01 1.713423295454545303e-01
