-2.377090250651041856e+02 -2.312715950012207031e+02 -2.491035605536567061e+02 -1.961054634038549409e+02 -2.950038035256520743e+02 -2.016980276365538032e+02 -2.289818186759948730e+02 -2.495487129905007180e+02 -2.071844171905517840e+02 -1.884305698688212374e+02 -2.283408711751302178e+02 -1.950966916238108126e+02 -2.393411236572265750e+02 -1.901463946533203284e+02 -2.221838563559711872e+02 -3.071693604857055107e+02
6.675822544097897548e+01 -1.524633432428036883e+01 3.181616407349000752e+01 1.022248706121514772e+02 5.431995173863005988e+01 1.303772896431588322e+02 3.088469946757001594e+00 6.240644680369982211e+01 8.228406230926512421e+01 1.119225342090313973e+02 -1.904057875937880340e+01 9.209821405718405174e+01 1.867116767287259194e+01 1.237270703735352129e+02 7.485047912597656250e+01 4.786976965181125365e+01
5.232525537825289064e+00 1.749362644553184509e+01 4.355855461150839325e-01 -1.361903304318442309e+01 2.454284265992182856e+00 1.105261897094345969e+01 1.021119321184232476e+01 9.316232792626724546e+00 -6.908423383235934523e+00 -1.266885809160960541e+01 1.022191232856776644e+01 -1.228782502537773880e+01 9.180651342272755144e+00 -2.946097527503970692e+00 -1.473676754512651454e+00 7.074963620730700953e-02
3.754502579900954373e+01 2.945548688371976098e+01 2.871673685406882015e+01 3.243719011893236370e+01 1.766860096227556198e+01 2.189949352274069838e+01 3.793540324270725250e+01 2.716419103253971556e+01 4.196689810991287573e+01 2.435931408710969492e+01 4.298916737900839280e+01 3.566707350265598109e+01 3.490175183534622505e+01 1.863628350603580230e+01 4.017794700981915668e+01 1.644150858135014204e+01
3.987830101615848388e+00 -1.023521377518772724e+01 -9.294198709820939541e+00 6.765394440532606524e+00 -2.243565496234665613e+00 -1.881177161996430058e+01 -1.352058313973247650e+01 -6.726413813504304784e+00 8.671076777577400918e+00 -1.285513662183893846e+00 -2.077497269047632855e+01 6.057718785059051925e+00 -1.189086788892745616e+01 -1.113300312376023626e+01 5.308431579582933324e+00 -2.491918535350443609e+00
6.903188172313906357e+00 1.880969656010470459e+01 1.891371318839844662e+01 -3.629011147648767199e+00 1.500216875828446383e+01 -2.452234770297201294e+01 1.839034554362297769e+01 9.188526853648106396e+00 -1.031276873648165004e+00 -7.354674972211720174e+00 2.225165969133376365e+01 -2.197520599970885780e+00 1.995353899002073916e+01 -1.428025104629995390e+01 3.623944980510767522e+00 1.444520121354321596e+01
-1.587832245561811462e+01 -7.194173506150644215e+00 -8.329007741004708976e+00 -2.274026373529087053e+01 -4.727986732763911348e+00 -1.941194186581148173e+01 -8.720018458552658558e+00 -9.951095445589592359e+00 -2.378971739858389611e+01 -1.948931553171805220e+01 -8.108125604999564473e+00 -2.111444607521257666e+01 -1.283924569606780963e+01 -1.776959961032868307e+01 -1.709498988286308219e+01 -4.356348762964161736e+00
8.126527110528614983e+00 1.432909391323725323e+01 8.468738525632828029e+00 4.065734025770739279e+00 8.308616623992012507e+00 1.202059760287001922e+01 1.148588482011109591e+01 8.443422516909514286e+00 7.952817842066282061e+00 7.563902369294406292e+00 1.263933040698369226e+01 6.191954281541609539e+00 8.851298685073853534e+00 1.146446282613278100e+01 8.865987974664440330e+00 7.754993758358799560e+00
-8.238349418673253766e+00 -8.741040552345413772e+00 -6.120307667624387271e+00 -1.405698243664563130e+01 -9.938917578685746435e-01 -1.509716215367252445e+01 -8.662428108509628188e+00 -6.696517972512683770e+00 -1.256445030957460851e+01 -1.493896878205047685e+01 -8.332578136689132720e+00 -1.256230991598098434e+01 -7.283641059398656914e+00 -1.596095951700209348e+01 -9.145123404005298440e+00 -2.446693928687011521e-01
1.959884730064205272e+00 1.741189076503117406e+01 9.292541003416451062e+00 4.079407781199377858e+00 8.904102327922974069e+00 4.850708265562312604e+00 1.478624413162469509e+01 4.967954738573594042e+00 -1.047479110211160247e-01 4.157270711392923701e+00 1.697620447476704442e+01 4.391874786886954318e+00 1.067802280008792515e+01 1.439338068962094486e+00 1.844668867795338230e-01 8.562579240117749180e+00
-8.066873782210882027e+00 -4.388308020929494901e+00 -2.366549591696449184e+00 -7.449023641591524303e+00 3.609069401317555048e-03 -5.172581732675836541e+00 -1.504216584376991683e+00 -3.807637385888526627e+00 -9.519239892661568447e+00 -7.743276963870108887e+00 -4.041351642873554084e+00 -9.055542352218779456e+00 -4.529757386446002343e+00 -8.373261614203451941e+00 -8.265361014483630697e+00 -8.896930420791653304e-01
-1.250106665409271622e+00 -3.105851784348490074e-01 -1.669403248363071857e+00 -3.065186730701555895e+00 1.602119506115006642e+00 -6.178095792193673219e+00 -1.645308422856034181e+00 1.071391956914559129e+00 -3.595061418712138135e+00 -1.553841392581275738e+00 -3.717716087897622312e-01 -2.269275450297899788e+00 4.234775829315224893e-01 -2.738868532299991720e+00 4.409035478813438935e-02 3.332368033927917139e-01
-2.960655028828317548e+00 2.358642696092524638e+00 -7.851675805591395996e-01 -2.609140388830736512e+00 -1.623174663455714484e+00 9.113006112543293735e-01 2.985888372175393712e+00 -1.695512677051805417e+00 -1.811018469929696284e+00 1.976224245169201366e-01 2.548600246508914147e+00 -8.014286917544195532e-01 -1.184502417445182143e+00 2.533148174762723581e+00 -2.545879620572796487e+00 -1.756094653855315268e+00
2.838080199717909181e+03 5.266917562273712974e+03 3.978523708668549261e+03 1.993517910925888373e+03 3.418153463526396081e+03 1.441451636892134957e+03 4.622198240702490693e+03 3.127055485512371433e+03 2.377024634668529870e+03 1.824853549002629052e+03 4.923563497738501610e+03 2.181134247721576230e+03 4.301069471516234444e+03 1.644234009796248756e+03 2.599686073137009771e+03 3.664072437345243088e+03
1.531168619791666852e-01 4.066365559895832593e-01 2.685236855158728564e-01 9.114820939781007048e-02 1.859130859375000278e-01 6.555505701013501774e-02 3.081054687499999445e-01 1.758433948863636631e-01 1.152734375000000477e-01 7.980894431089718966e-02 3.674316406249998335e-01 1.058822139616934777e-01 2.766699218749999467e-01 7.269921874999976663e-02 1.367753623188406042e-01 2.266054258241756991e-01
