-2.266121431986491075e+02 -2.095986291794550027e+02 -2.492165751737706785e+02 -2.910853447250172508e+02 -2.157931055262468760e+02 -2.004356180826823106e+02 -2.148421164618598027e+02 -2.610646748860676780e+02 -2.302576616648081256e+02 -2.909783367777979493e+02 -2.146071195602416992e+02 -2.336016064598447031e+02 -1.978051525462757070e+02 -2.586730600992838731e+02 -2.347101989746093693e+02 -2.775563104802911880e+02
9.481031099955239938e+01 4.654517894699466751e+00 5.598272592881146181e+01 7.671574846098694422e+01 1.100704128984092165e+02 -1.339912573496502546e+01 1.200022210843033577e+01 4.859972101847328929e+01 1.013045450159021499e+02 7.197520180635673626e+01 -2.165689706802366743e+01 8.579971398247612058e+01 1.286572260423140222e+02 7.870511588497438993e+01 3.644094882408776215e+01 6.482968729192560886e+01
-6.632334192593885902e+00 4.104886708940779272e+01 1.551548154213849529e+01 7.492681910720055072e+00 -1.126210720556368550e+01 5.035495334201387863e+01 2.903474823633829516e+01 1.721892076333364230e+01 -4.403260683187760094e+00 8.747958682650747164e+00 6.015132713317872515e+01 3.027338035522988413e-01 -1.892809888720510969e+01 3.466957866281703105e+00 1.961214636166890912e+01 8.963737076995048625e+00
2.689232507348061318e+01 1.800564958793776071e+01 1.840202310681343079e+01 1.641663236104989565e+01 1.330718084176382021e+01 1.533905982971191406e+01 3.380141422483656299e+01 1.908453447024027483e+01 2.173923797381890921e+01 1.441982846759086812e+01 5.070060376077893949e+00 2.558302975268591339e+01 -3.799256238070391589e+00 2.393931697416996940e+01 2.559258294105529785e+01 1.735498414798216160e+01
-8.807639755308626306e+00 -2.627979664185217956e+01 -8.773337777923135405e+00 -5.816982188556920619e-01 -1.141526349731113399e+01 -2.953083350923325767e+01 -2.443477227952745068e+01 -1.028083640187978709e+01 -7.639371731192677650e+00 -2.263567527366239673e+00 -2.182799026370048523e+01 -9.870175836341719133e+00 -1.696024512567303688e+01 -4.166652900585232189e+00 -1.697673666079839094e+01 -3.953212655403394393e+00
-1.309821756059926123e+01 2.926362641652425367e+01 1.311141183095820217e+01 6.922034739693512684e+00 -1.171546703922577493e+01 2.862326727973090357e+01 1.958886877695720230e+01 1.587051926453908912e+01 -9.776017766345194815e+00 9.826730189455119557e+00 3.736556208133697510e+01 -7.917940630799241042e+00 -1.143185281008481269e+01 -1.185266861881032252e+00 1.400814606348673763e+01 1.115196877176112089e+01
-1.972814626826180984e+01 -2.820129626137870815e+01 -1.842177127389346936e+01 -5.852605440571348794e+00 -2.089953973500625750e+01 -2.687668644057379908e+01 -2.161482000350952148e+01 -1.543595088720321584e+01 -2.121984094542426647e+01 -8.293308427860578647e+00 -2.718161976337433217e+01 -1.678631574956197525e+01 -1.948570636727593097e+01 -1.080001147458519384e+01 -1.930495796203613423e+01 -1.337710678848353396e+01
1.307127662416959879e+00 2.094978622027806736e+01 1.364167600168901195e+01 7.680758506814132858e+00 -3.869606196016503574e+00 1.767205688688489928e+01 1.133922380871242552e+01 1.280825831095377332e+01 -9.019177153303772343e-01 8.196639626525165312e+00 2.456636250019073842e+01 3.867342230819518889e+00 -1.571965493939140757e+00 6.622649671374885472e+00 1.752641604741414483e+01 1.063660767132585505e+01
2.321032168964543452e+00 -3.676849975472403553e+00 -2.439899588332456126e+00 -1.150439864048096617e+00 9.644812436207494954e-01 -2.444965216848585143e+00 -1.941027849912643433e+00 -4.039947978655495930e+00 1.688545419557674121e+00 6.117348851159565282e-01 -3.490628454834221461e+00 -2.025835931301116499e+00 2.000422711399469478e+00 -1.031014216118963489e+00 -4.116873707373936320e+00 -5.857411433349956065e-01
6.569113324913709917e+00 2.888075326170240320e+00 3.442069965250351249e+00 2.518774706351601722e+00 1.056327788207841323e+01 1.037806020842658050e+00 9.312756723827790850e-01 2.665661400556563976e+00 5.773617749278610489e+00 2.660922966724219574e+00 5.552661441266536713e+00 5.753975556010289871e+00 1.238725867461073804e+01 3.879706880320674234e+00 2.504640706380209192e+00 1.185175378214228914e+00
-9.514921586546631005e+00 -5.202244735899424377e+00 -5.015899959732502467e+00 -8.064943531646004971e+00 -6.158138071281321402e+00 -5.246513929631975159e+00 -8.353385198447439208e+00 -7.191754738489787080e+00 -6.954354015959274271e+00 -7.520580614722050861e+00 -6.007856883108614987e+00 -7.092131849319214254e+00 -2.186058117923407096e+00 -9.263298473496368146e+00 -7.148619735240935746e+00 -7.589235349134965780e+00
1.690578638803627598e+01 7.964032193024956463e+00 6.146044874892518273e+00 7.798735570681237128e+00 1.661112833714139114e+01 1.107871211899651342e+01 1.176862600114610480e+01 6.573641220728559276e+00 1.781678367627633008e+01 6.629063114177343508e+00 7.855742234736683649e+00 1.688993215371691647e+01 1.593700446865775433e+01 1.358778598861418097e+01 9.052617251873019910e+00 6.297697072679344643e+00
-5.750353541639116273e+00 -3.779353561855497645e+00 -3.916845086742849702e+00 -1.403055568284626187e+00 -4.505992869212144036e+00 -6.909705029593573578e+00 -7.821760945849948854e+00 -4.402796316146850408e+00 -5.618060011517357566e+00 -8.776916722918666203e-01 -5.390340579673647881e+00 -7.809733045479608116e+00 -7.623066975311798998e+00 -4.493177006534044615e+00 -2.530464571714401423e+00 -1.376385061578317082e+00
2.195890330446926782e+03 5.303694524678005109e+03 3.565573315235225891e+03 2.850284272283833161e+03 1.822744261619121517e+03 5.707874349390917814e+03 4.720381586169061848e+03 3.909427450296404004e+03 2.028948421390229669e+03 3.052192045041738311e+03 6.110500212519420529e+03 2.414790985843554154e+03 1.568903686537900739e+03 2.656622336513457867e+03 4.188155281226105217e+03 3.273008198283097954e+03
8.743625217013897832e-02 3.227074032738095899e-01 2.001378676470588203e-01 1.263165051424050556e-01 7.133859827898553219e-02 3.851996527777778456e-01 3.167046440972223209e-01 2.281901041666666852e-01 8.457163217905414032e-02 1.489598473837209225e-01 4.730834960937500000e-01 9.671843998015879074e-02 7.299804687500006939e-02 1.075067934782609202e-01 2.527018229166667074e-01 1.763583096590909116e-01
