-1.879339718897697935e+02 -2.272244416872660224e+02 -1.855083859092310945e+02 -2.497516070805239110e+02 -2.090677223205566690e+02 -2.882092047604646154e+02 -2.906603818753869746e+02 -2.067588815128102055e+02 -2.235632562352650439e+02 -1.490950935927012324e+02 -2.100047677910846460e+02 -1.978652969360351506e+02 -2.137814929199218739e+02 -2.807150300343831759e+02 -1.809562240600586165e+02 -2.464999551626352456e+02
1.210170265745721849e+02 4.835339053471883375e+01 -1.182599102823353121e+01 7.911987651867815430e+01 1.322509524536132801e+02 9.249970306049694102e+01 7.056723036417150752e+01 2.449439166573917248e+01 9.233813123560662461e+01 1.122192251218245644e+02 1.234100484848022603e+02 -2.209330911636349981e+01 3.796718429565430597e+01 7.482878716786703421e+01 4.810185432434224140e-01 1.230393161480243549e+02
-2.788638422568193675e+01 8.558180441459006360e+00 3.329233932495115766e+01 -2.901759201221263851e+00 -1.482791827917099248e+01 7.997358231720626875e+00 5.196253061112843241e+00 2.837635419649235047e+01 -1.629479155244669286e+01 -4.436527711713066680e+01 -1.658506732855155263e+01 3.497550468444823935e+01 2.288813701987264437e+01 4.006696171561861419e+00 3.087834447224933143e+01 5.572474299944351728e+00
1.549470642719479230e+01 8.881674200296400201e+00 3.223722542587077911e+00 2.211040928658474769e+01 8.933971610864009705e+00 1.412475264885208581e+01 6.726222901809512322e+00 9.630429467734167304e+00 2.026579611248047641e+01 2.307496121745784023e+01 9.553467292014680368e+00 -4.583765196800234420e+00 1.428903038024902372e+01 1.272117922703424853e+01 1.125872269074122300e+01 1.388921881547340931e+01
1.690402675959288104e+01 1.355400454998016535e+01 -9.126588168897118436e-01 1.539171948828054681e+01 9.913320421377814995e+00 1.128384200822223526e+01 6.509559884576530564e+00 2.772618153515985284e+00 1.657931540839707907e+01 2.561205130695499221e+01 9.897794153379358306e+00 -2.866648614406583917e+00 7.627726470232010669e+00 7.965427297850449229e+00 -2.962846914927164121e+00 1.287581699444697492e+01
-9.454084250149829671e+00 1.476644259691238403e+01 2.409877483468306636e+01 3.425948743070108993e+00 -2.147369957566261700e+00 1.620886754617092862e+01 1.468139639714867606e+01 1.738807591269997843e+01 -6.686486152570642050e-01 -2.043792927985230889e+01 -3.260345479392487533e+00 2.577918262481689382e+01 1.831137608528137051e+01 1.082148973147074322e+01 2.091208521525065223e+01 1.240730113432957538e+01
-6.188320352721607520e+00 -5.577931210398674011e+00 -1.073969312090622630e+01 -3.870036004048384104e+00 -2.967736669381442205e-01 6.691906353966778909e-01 -6.026405286498185632e+00 -1.038466122395851876e+01 -5.783369812725192460e+00 -1.118780353585345466e+01 -9.252082753278623173e-01 -1.857927055358886648e+01 -4.993269289731978589e+00 -4.762970519562562011e+00 -6.931355683008829871e+00 3.918520103051112535e+00
2.096199231006152797e+00 4.648231695095699223e+00 9.712090962811519290e+00 6.396366580483618947e+00 1.061039715111255077e+01 9.490581948648804556e+00 4.800560293401158418e+00 5.563404816038469036e+00 2.680653812502748146e+00 -1.503806347014936762e+00 1.009045609005766764e+01 1.095179438591003418e+01 2.731663732528685440e+00 6.349024906754494602e+00 5.393925104538600301e+00 1.514108771819334720e+01
-1.696719010271009864e+01 1.779506102204328144e+00 1.647924363613133991e+00 -2.844631178325475851e+00 -1.188500262508789262e+01 3.963210824538363042e+00 1.891900549574602408e+00 -5.190449060762629685e+00 -6.226096265796399187e+00 -2.088943563771730538e+01 -1.196671003070862049e+01 -7.833147659897807813e-01 -3.142962954044337565e+00 9.505029141902969769e-01 4.441064325968428150e+00 6.155169386130161513e-01
1.173417559035576652e+01 1.207374814152717413e+01 1.522231255079570289e+01 1.036560246750209835e+01 5.038364109595629969e+00 9.819956425238736131e+00 8.070700805361674668e+00 1.094024876286001735e+01 1.456437412393628605e+01 1.909019163350928849e+01 6.411620965146513917e+00 1.267252016067504883e+01 1.157717397212982213e+01 8.946588726838427874e+00 1.670419162114460931e+01 6.658026313323247791e+00
1.072573595810991876e+01 -3.731260355561882847e-02 5.746393313533388891e-01 -2.715326990304359533e+00 9.560184606313713473e+00 4.911294827576435651e-01 -3.700124402235188015e+00 3.209844845182763251e-01 1.376970488856093411e+00 8.394303611860992831e+00 9.876830439690671426e+00 -2.792415797710408043e-01 1.975308309197426393e+00 -1.544959626595175273e+00 1.946599419911703155e+00 6.300987172126770730e+00
5.346666428883103173e+00 4.886906853566567399e+00 3.180973090623554711e+00 2.851056824909168785e+00 1.302898675143719842e+01 8.536607825620610157e+00 3.012251916818505570e+00 6.255043534671562711e-01 3.556361351440192387e+00 -1.365122986719902620e+00 9.460608936198367402e+00 -7.365413546562189495e-01 1.691143617630006091e+00 5.070900511741637473e+00 3.924172894159953184e+00 1.500366579661001865e+01
1.530500462206689782e+00 8.804677001511060919e-01 -1.231220352022270426e+00 1.812174671905095291e+00 5.143117826518915692e+00 2.674632558429782314e+00 -1.328185031326803767e+00 -1.704206641982583204e+00 4.443915305742580202e+00 2.273139714594657246e+00 2.940845317328756092e+00 -5.108526015281675825e+00 1.094866840839385347e+00 1.162575632582108831e+00 1.349423531691233746e+00 7.295967805385592087e+00
1.611997312823106313e+03 3.420786102483861214e+03 5.695320186187422223e+03 2.343135266380635585e+03 1.314649454186646381e+03 1.810268730007342128e+03 3.005267367173009916e+03 4.548587831460457892e+03 2.039335693208777911e+03 1.810017206378776564e+03 1.468865123990359280e+03 6.149961613280536767e+03 3.923199270145816172e+03 2.648964929942044819e+03 5.076636135926359202e+03 1.096055165518477224e+03
6.252967455110505779e-02 1.378580729166666574e-01 3.998509457236840703e-01 7.244118679775278513e-02 4.603190104166662855e-02 4.077703302556828086e-02 1.385587366615853855e-01 2.670611213235294379e-01 7.346810867537312273e-02 8.324376048657716742e-02 5.013109290081516761e-02 5.399902343749998224e-01 1.744921875000000067e-01 9.150390624999998890e-02 2.735351562500000222e-01 2.709585336538469086e-02
