-3.037403154645647874e+02 -2.548588703700474412e+02 -2.997487686820651902e+02 -2.739301215277777715e+02 -2.263240477244059718e+02 -2.484294942220052178e+02 -3.179357355703222083e+02 -2.808285824088163167e+02 -2.611515375773112169e+02 -2.121952725923978846e+02 -3.163351201529455352e+02 -2.790159845596704713e+02 -2.951489011702998937e+02 -2.417535661485460423e+02 -3.158915539365826817e+02 -2.752915310329860858e+02
7.863327527727399513e+01 9.856268065316336902e+01 6.227324245287024951e+01 4.698461914062500711e+01 1.154748428662618096e+02 8.280624866485595703e+00 7.370030431464165588e+01 8.474043983636900634e+01 2.737359396616618312e+01 1.301359338026780392e+02 7.687923947729247232e+01 9.048269712007963506e+01 5.663539726503432803e+01 1.064548487345377481e+02 6.974262202869761040e+01 3.651139820946588088e+01
8.243427588258468219e+00 -4.352854607360706396e+00 7.169811621956202252e+00 1.642200353410508740e+01 -1.304860712215304730e+01 4.361093521118164062e+01 9.504176788400892306e+00 4.841804473899131267e+00 2.475154972076415660e+01 -1.741096214147714960e+01 9.434755614911663812e+00 4.470794803056959310e+00 1.131440688717749588e+01 -1.182682786915037809e+01 9.110647379448916894e+00 2.266958138677808776e+01
9.524739627114362506e+00 1.115126544237136663e+01 8.511361319085825272e+00 9.534690883424545405e+00 1.146872449324776611e+01 -3.111908515294395272e+00 6.202978449919729798e+00 1.067140147228573532e+01 4.197630941867828369e+00 -3.062135577201843262e+00 6.145094740872429462e+00 1.350297016058212485e+01 7.536334237744730657e+00 1.197275866899225250e+01 6.253260840520712627e+00 1.046397365464104467e+01
-2.379642218777112461e+00 2.878998326403481300e-02 -5.918724399545919113e+00 -1.335366328557332505e+00 2.230598526696371486e+00 -5.137039721012124360e-01 -4.334202524606542539e+00 8.271910575933247856e-01 -2.477704644203186035e+00 -8.198741795924995301e+00 -3.269784199619534704e+00 9.351878792811620933e-01 -7.161477304274035838e+00 6.132411674658464484e+00 -4.735787826957123414e+00 -5.656039926740858981e+00
8.465741476842334023e+00 2.547494568995065656e+00 1.077602481323739525e+01 1.085064648257361597e+01 -4.715170239408816855e+00 1.733626302083333570e+01 9.682922856642473874e+00 6.154328881308089194e+00 1.355940183003743371e+01 -9.711985821907338945e+00 1.013112139521223298e+01 3.443516093951003221e+00 1.334653561153719536e+01 1.131709396342438723e+00 1.016538715362549361e+01 1.443192836973402216e+01
-2.541149239029200313e+00 -1.084496337601116878e+01 -2.208666977675064480e+00 -4.090487665600246459e+00 -1.206461061537265067e+01 -6.919079621632893584e+00 -1.890986295029664532e+00 -7.146501808665519206e+00 -1.041420547167460064e+01 -1.389089424105790549e+01 -1.467255780642677365e+00 -8.077750837191556954e+00 -2.725321327486346590e+00 -1.381850682894388349e+01 -1.929359701095202162e+00 -2.964191012912325451e+00
7.022441953420635485e+00 -4.871829333050170519e-02 9.742126796556553003e+00 2.415986299514770064e+00 -4.779949388156325085e+00 -4.130740106105804443e+00 6.522865614973673232e+00 2.247853194211801409e+00 3.113826751708984375e+00 -3.326212477225526598e+00 7.184712333209588131e+00 2.603077499339211176e+00 7.231723070144650656e+00 -6.437618556287539207e+00 6.917477796475089313e+00 5.566435747676425905e+00
-2.194857741679469676e+00 -9.633481081042976513e+00 -3.789964714775914789e+00 2.312725649939642025e-01 -1.963683386892079596e+01 2.796160578727722168e+00 -1.173930642480903508e+00 -5.813393390455911636e+00 2.230050782362620332e+00 -1.700410620982830778e+01 -7.801705347468210761e-01 -7.967774921502824625e+00 -1.942399440273165467e+00 -1.330838588078817253e+01 -1.479781251174939527e+00 1.979769190152484981e+00
7.733249681336551440e-01 -5.361891308001109024e+00 5.621030745298978282e-01 -2.968674580256143614e+00 -6.825108759105203760e+00 -8.198079744974773320e+00 3.306755243551614321e+00 -2.547191731631754941e+00 -5.837076187133788174e+00 -6.857342357818896339e+00 2.287399496393975440e+00 -4.693172792211555588e+00 5.304801829399610202e-01 -4.687671401765610035e+00 2.706762295329210311e+00 -1.105629500415590272e+00
-4.572530409693720266e+00 -5.038233307855469967e+00 -4.965328248946563328e+00 -5.533592965867784486e+00 -7.350973536570867495e+00 6.729955673217764556e-01 -4.800445314386102780e+00 -5.887516659359600446e+00 1.115306735038756436e+00 -3.853779086699852918e+00 -5.876637507267672866e+00 -6.022178745422608337e+00 -3.549555051711296372e+00 -6.429976134830051926e+00 -4.913689476974083092e+00 -2.471253540780802282e-01
2.293111958008791085e+00 6.685241750308444253e+00 1.986171696497045724e+00 3.451699662539694291e+00 9.916847988963125360e+00 3.084387779235840288e+00 1.680263114300103666e+00 3.305087462414141974e+00 5.554775396982827296e-01 1.510753438564447038e+01 1.387259074834861217e+00 4.508326492248436068e+00 1.343264534829123669e+00 9.052051534917618270e+00 1.119541998049525588e+00 1.955165306727090879e+00
-6.855083286123616837e+00 -8.663789327655520012e+00 -4.405499924784122001e+00 -9.650448693169488834e+00 -4.875327622517944270e+00 -1.248457018534342389e+01 -6.353447714949599145e+00 -8.613636719626050819e+00 -1.319238662719726562e+01 -1.494130065807929952e+00 -6.038636077233035415e+00 -6.562448828648299148e+00 -7.086065200067335645e+00 -8.233954091204537917e+00 -6.155554536617163564e+00 -1.004274466302659796e+01
2.906293409402765519e+03 2.270646915338267263e+03 3.473020683561275291e+03 4.101567583129306513e+03 1.861831317953127609e+03 5.843433681319729658e+03 3.169973131116047171e+03 2.681610951235185439e+03 4.910563281446267865e+03 1.654838928041670670e+03 3.057201868817924151e+03 2.481622746355137224e+03 3.721588403986772846e+03 2.062430498715845260e+03 3.301459592442951816e+03 4.469067939431248305e+03
1.481445312500000167e-01 1.207449776785714385e-01 2.098547894021739468e-01 2.616644965277777901e-01 8.815511067708335646e-02 4.262695312500000000e-01 1.754960163985148647e-01 1.326535247093023340e-01 3.366699218750000000e-01 9.128981370192310041e-02 1.654089725378788123e-01 1.147460937500000278e-01 2.283581149193548709e-01 1.087456597222222487e-01 1.854063091856060774e-01 2.998046875000000000e-01
