-3.928242294509690851e+02 -1.896767277437097619e+02 -2.479405999831211318e+02 -2.063941052754720147e+02 -1.505727911812919615e+02 -1.936787296641956573e+02 -2.500943227495465919e+02 -2.011718828678131104e+02 -1.591144301096598497e+02 -2.132348602294921989e+02 -2.000090431545091292e+02 -3.671937143662397602e+02 -1.577352512547227832e+02 -1.876989349365234432e+02 -2.124931388854980412e+02 -2.531088532092524304e+02
1.051410307450727970e+02 1.445900678634640713e+01 1.791405325053650017e+02 6.214583514985584145e+01 1.557620390755789117e+02 -2.714459904757416098e+01 9.255113438197545861e+01 1.715356752077737781e+02 1.119835179646809991e+02 -4.852621917724607670e+01 4.998824044932487709e+01 9.691662036671360170e+01 1.405947430720094928e+02 8.173362477620443656e+01 -1.468988502025607090e+01 1.408061822629442474e+02
1.797368481252100025e+01 1.763157004468580880e+01 5.589169621467585891e+00 3.201933974311458542e+00 -3.364785807686192953e+01 3.802519763599742220e+01 1.535120844841000753e+00 -1.977525981639822916e+01 -1.823151142729653529e+01 5.063475646972656818e+01 9.781827550867323140e+00 1.369975202574449114e+01 -3.204280679538602072e+01 -9.820112053553263110e+00 2.534099686145782471e+01 -1.490986439527251850e+00
2.372948877842395277e+01 4.428711330189425155e+01 2.817870741641079846e+01 2.973253468104771358e+01 3.368709140334810570e+01 3.364056270772760371e+01 3.362809297016688959e+01 2.692523715148368524e+01 4.863809487554762256e+01 1.832640027999877930e+01 3.439296593873397256e+01 2.266517755739829454e+01 3.423100051430404989e+01 2.517365347544352261e+01 4.518668065071106099e+01 4.299366952858720481e+01
1.932784705967097949e+01 -5.548081636428829455e+00 1.531495635009106060e+01 7.842962060655864320e+00 1.739279360004834274e+01 -1.389971368963067633e+01 1.988802420028618201e+01 1.881719383938859735e+01 2.715638578434785444e+01 -9.364255523681642046e+00 -2.185050539348427634e+00 1.562045066496905221e+01 1.799061826018036570e+01 1.956112639109292672e+00 -8.735146254301067614e+00 3.114646375646777443e+01
7.555199417587999733e+00 1.120725948670331285e+01 -1.247806123671708178e+01 4.513522193545389527e+00 -1.778353142823491595e+01 2.075783660195090619e+01 -6.023598355906329971e-01 -1.528883792211612658e+01 -1.637775349037514871e+01 2.829886550903320597e+01 7.642325986986577391e+00 9.523072162095239435e+00 -1.420116030901181681e+01 1.510594606399537909e+00 9.715025669336320391e+00 -2.409840556920741506e+00
6.309419431856716720e+00 -3.804965664358701094e+00 -3.009722720693659426e+00 1.524560816231226745e+00 -1.185015383788515742e+01 -2.329688950018449667e+00 -3.696199608700617034e+00 -5.861206887289882594e+00 -9.289890872107612552e+00 -7.885676097869873225e+00 -3.121171749156455011e+00 2.543824443045783923e+00 -1.042437967169478341e+01 3.706440178553262577e+00 2.748623728752135342e+00 -6.689395732155034580e+00
6.422453449143981530e+00 -1.685409086592057903e+00 -5.995147139937790470e+00 -7.072512989952451257e+00 -1.222395097783633133e+01 -2.678735668008977999e+00 -2.005101789321217520e+00 -1.009003427935143193e+01 -1.739242679542965409e+00 8.177535533905029297e+00 -3.209091220213019291e+00 2.258522191468403051e+00 -1.185970779544993725e+01 -2.663579463958756222e-01 -1.236169716715812328e+00 -6.752657405009457214e+00
-1.563929389823560001e+00 -4.679842240670145870e+00 -2.066982291951590156e+01 -1.005221352264994827e+01 -1.658815944961139266e+01 1.521192052147604556e+00 -7.330223898802482374e+00 -2.402475737159449665e+01 -1.306074976589944825e+01 -3.711072444915775037e-01 -6.214149521744768201e+00 -2.402435677454754170e+00 -1.259340835301602546e+01 -8.578342622518539073e+00 2.000783322751525262e+00 -1.864075392601537118e+01
5.298332476770728938e+00 2.897232602624332021e+00 -8.084243285895116315e+00 2.345275527664593351e+00 1.540112172705788041e+00 -9.849178032441571196e-01 -2.500573798215814936e+00 -3.424708675593137741e+00 -9.659270948833885484e+00 9.110902309417726608e-01 -1.297315022219782232e+00 5.895665486069286310e+00 4.464591475783807439e+00 -5.286679462591806988e+00 3.322808206081390381e+00 -3.481995454605887996e+00
-1.545372260274825660e+00 -7.802400392644546656e+00 -6.804225443689908559e+00 -4.004983850887843921e+00 -1.992143066440310584e+00 -5.828639160503037431e-01 -5.781238525041512588e+00 -1.771248293109235261e+00 -5.563380691740251294e+00 -1.423797988891601030e+00 -5.483483817266382232e+00 1.857764571905122786e-01 -9.461933452574937675e-01 -3.663626702626545661e+00 -2.654315461218356376e+00 -3.981667660615024751e+00
8.693122979882512702e-01 -1.576691592440885525e+00 -1.859210445557113900e+00 -4.038280674389432834e-01 -2.664356282672708520e+00 1.959457684646953135e+00 -1.102971228105681600e+00 1.854838927586865971e-01 -4.614287486506834846e+00 -5.113162040710449219e+00 1.409741137986596948e+00 2.226210178697808573e+00 -1.251846135639755664e+00 5.285133719444272682e-01 1.903521031141280018e+00 -5.770612599218584826e+00
-5.191709904701678369e+00 -1.175534276401296374e+00 -5.572916857254360146e+00 -8.061674035730815646e+00 -5.547316713418282141e+00 -5.469581593166697786e+00 -7.363469328199113484e+00 -4.860391014682442723e+00 -9.531064485510192696e+00 6.685208559036261988e-01 -4.256721429850744087e+00 -3.575443197699153863e+00 -6.581246901731021559e+00 -9.784924443562825758e+00 -4.970792767405509238e+00 -6.003475524631200599e+00
1.569157679992395060e+03 4.169139037376502529e+03 8.323510367414731945e+02 2.953645056591912635e+03 1.293737560529641542e+03 5.423090397333997316e+03 2.130344058208817842e+03 1.052034127200755393e+03 1.744250565464732745e+03 6.191081971562604849e+03 3.357266023558297093e+03 1.839141487325759044e+03 1.489732783022209787e+03 2.455539230782618233e+03 4.828212682997385855e+03 1.204450379141510894e+03
9.848062094155812796e-03 1.948242187500000555e-01 3.286554783950615399e-02 1.251627604166666852e-01 5.539202008928569704e-02 3.493874289772727071e-01 5.664062500000000000e-02 4.068501790364582871e-02 6.835937500000000000e-02 4.159179687500000333e-01 1.457625679347826497e-01 1.701803768382354615e-02 5.819351946721312147e-02 9.687500000000000278e-02 2.619140624999999334e-01 3.933057598039217673e-02
