-2.167062210083007585e+02 -1.742071713534268156e+02 -2.318580374521751537e+02 -1.737577571868896484e+02 -1.815287362032158285e+02 -1.634392917030735930e+02 -2.007886959776586480e+02 -2.318183997744605165e+02 -1.927601182460784912e+02 -1.482376861572265625e+02 -1.875041958945137992e+02 -1.761398111979166572e+02 -2.148063222184965753e+02 -1.538406201171874841e+02 -1.856273510581568758e+02 -1.570248377182903994e+02
8.026644948323567519e+01 1.060157135472153271e+02 6.970861837308702036e+01 4.062258350849152322e+01 9.892405558741370442e+01 1.235256070588764459e+02 8.593977714071468199e+01 7.415387021019346037e+01 5.950992941856385698e+01 1.353162446455522172e+02 9.205468804495676238e+01 3.655580170949300367e+01 7.677864615524872249e+01 1.195136138916015796e+02 4.922141727648283904e+01 1.132434553258559333e+02
-4.694360475540161559e+01 -5.757171145352450736e+01 -4.095707480548179547e+01 -4.487284672260284424e+01 -5.562929224413495177e+01 -4.809254987616287735e+01 -5.058070272328902206e+01 -4.143415525527225896e+01 -5.021829718351364136e+01 -5.060063847628507006e+01 -5.332752786363874975e+01 -3.230087884267171461e+01 -4.517448611199101549e+01 -6.230859634399414659e+01 -4.363634109497070312e+01 -6.382572303098790911e+01
2.133085095882415061e+01 1.391043204610998174e+01 1.529419080525228480e+01 3.117523585259914398e+01 1.849294793328573761e+01 2.920810147335652474e+00 2.389586391740916227e+01 1.528774420420328539e+01 2.540040824655442719e+01 -1.102483348412949482e+00 2.226290291263942933e+01 2.172433018684387207e+01 1.738683180869380251e+01 3.655078899860381370e+00 3.161209446819204771e+01 5.354151109562206301e+00
7.456536540885768893e+00 -2.071284639564425767e+00 1.276226459300682681e+00 -8.514686398208139551e+00 2.229046109110812246e+00 -1.653137490623875649e+01 8.126772649434149898e+00 2.485194723405656170e+00 -2.073690608143805569e+00 -1.932799655740911149e+01 4.449217640395678686e+00 -9.178010344505308282e+00 4.703761128307900385e+00 -1.651571906805038381e+01 -7.963319690603956502e+00 -1.124515677900875055e+01
-7.227176753928267416e+00 -2.450370591337031811e+01 1.722905774639066578e+00 -2.709437236189842224e+00 -1.996023440361023660e+01 -2.912664320594386780e+01 -1.453199240504479306e+01 6.899940137352142955e-01 -8.021318146958947182e+00 -3.256589573079889988e+01 -1.866719976777123335e+01 2.963942478100458189e+00 -2.269661322047448415e+00 -3.475223152160645412e+01 9.099984608198408154e-01 -2.647277524892022527e+01
-1.816837939421335690e+01 -2.958225361506144679e+01 -1.172010074902887844e+01 -5.726337324827913022e+00 -2.867804970852164814e+01 -3.390866932116057342e+01 -2.268558282998143838e+01 -1.231812822137560914e+01 -1.173133775964379488e+01 -3.501232320612127324e+01 -2.532125009809222149e+01 -1.596239693959554096e+01 -1.545227350766145946e+01 -2.973954143524170846e+01 -1.056236226935135747e+01 -2.828958040125230511e+01
1.536465392510092842e+00 -8.194079804601093642e+00 3.520765913880030240e+00 -1.430402221158146858e+00 -6.497190424176153556e+00 -1.149799495778586156e+01 -2.003305298941504553e-02 1.332870637944763681e+00 -1.116373488679526904e+00 -1.193829493089156024e+01 -3.783326678332828763e+00 1.609729597965876779e+00 2.212123062980321464e+00 -4.806854591369628338e+00 2.358496659680531238e-02 -9.189523433937749175e+00
-8.009008125215768104e+00 -1.771241859233740357e+01 -3.760374411532315442e+00 -1.274981588870286942e+01 -1.475380424566047211e+01 -1.584322189029894545e+01 -1.241902588824836684e+01 -5.153416142009547229e+00 -9.887645195238292217e+00 -1.744456707347523405e+01 -1.543117856127874887e+01 -9.921674013137817383e+00 -6.944640111696868345e+00 -1.660241575837135031e+01 -1.195040379072490566e+01 -1.757121469869332842e+01
-2.837426036099592430e+00 -2.400822380275437151e+00 1.647477882161531904e+00 9.192415256053212858e+00 -4.168760023837864814e+00 -3.879226941811411145e+00 -5.911661947260093974e+00 2.197278495629631401e+00 3.773180617019534111e+00 -5.102635947140780281e+00 -6.270736191953926841e+00 5.713151037693023682e+00 -4.410052974767320610e-01 -4.507697396278381063e+00 2.930123598952042663e+00 -1.652206903871367594e+00
-9.263351063927013129e+00 -5.389444672700129502e+00 -9.012291277924628474e+00 -1.330796439945697784e+01 -8.281361266624095663e+00 -1.033683658901014013e+01 -1.130795138709398984e+01 -7.504013807432992067e+00 -6.425531197339297229e+00 -7.930688251148570345e+00 -8.221070650078001307e+00 -7.833461662133534453e+00 -7.118881520213958147e+00 -5.703425235748290412e+00 -8.551453665683142802e+00 -1.835640702177494532e+00
6.450322825709980279e+00 9.627815654783539401e+00 5.500369816406135648e+00 5.743697308003902435e+00 1.092702136344687958e+01 1.283074296148199878e+01 7.436132732702761317e+00 4.604834355768709031e+00 7.152594698593020439e+00 1.253585689718073048e+01 1.062937609638486691e+01 7.253490944703419707e+00 6.182954758405688978e+00 1.729868469238281747e+01 5.839648993391739040e+00 1.896589774243972215e+01
-6.794566671053559048e-01 6.576959891752763632e+00 -1.982946597141762801e+00 2.823766324669123140e+00 7.378010568230651600e+00 1.444273548377187666e+01 9.636369606061867543e-01 -1.750331478743332170e+00 -2.576786316931238829e-01 1.508693313598632812e+01 3.732646847055072215e+00 1.230645259221394783e+00 -5.707467775556098744e-01 1.420594488203525785e+01 1.700705666291086882e+00 1.150911874630872234e+01
2.514095878525715761e+03 1.934231268351725248e+03 2.829883380292000766e+03 3.409390200720265511e+03 2.090798764414947073e+03 1.535079986868618562e+03 2.381134133234933415e+03 2.722958151724946219e+03 2.945188979117328017e+03 1.340930620773820237e+03 2.241016160321049938e+03 3.718725655655993251e+03 2.621269110480411655e+03 1.666987968929396629e+03 3.181027060785346293e+03 1.800814964831167799e+03
1.680257161458333093e-01 1.204427083333333148e-01 1.913059182363013588e-01 2.603759765625000000e-01 1.317564498546511531e-01 7.791940789473682238e-02 1.594188456632653073e-01 1.817894345238094955e-01 2.028961181640624722e-01 7.745916193181816289e-02 1.468796502976190410e-01 2.600097656250000000e-01 1.769494165348101111e-01 9.384765624999998057e-02 2.156918174342105088e-01 1.069623161764705621e-01
