-2.410872403867952016e+02 -2.589430470057895946e+02 -2.085912399291992188e+02 -2.223816551749161192e+02 -2.911370184856911578e+02 -2.279643743896484409e+02 -2.198495169974662247e+02 -2.334249017534464770e+02 -2.661419148512289325e+02 -2.311528781944850834e+02 -2.177052051357075300e+02 -2.441307380089392893e+02 -2.078894924807857478e+02 -2.952251711089034529e+02 -2.327981663456669708e+02 -2.198596290482415156e+02
8.065410186432220030e+01 4.454544443402978260e+01 -1.742250293493270874e+01 1.132434345155251236e+02 5.776028505408252300e+01 -2.343389186263038937e+00 8.899142697050834272e+00 9.647382237789410908e+01 7.153617445180114487e+01 2.219246261524712338e+01 1.026671254121805390e+02 7.557167311448317548e+01 1.263579313600218939e+02 6.507437283746132550e+01 7.393947742603486972e+00 8.959267128838433791e+01
-3.323490018045506034e+00 -1.188449773618150296e+00 5.554727840423584695e+01 -1.300398664516726299e+01 -2.449047639836432033e+00 4.120720870971678806e+01 5.978159798158186433e+00 -1.096151707598762215e+01 4.925111993937463239e-01 1.640370780004647422e+00 -1.981642623340033893e+01 -9.789887721721894920e-01 -1.521501209441717073e+01 -9.513584543918680581e-01 2.809426453819981617e+01 -1.113527626858816788e+01
3.133902567166551734e+01 2.921370412537031669e+01 2.248226553201675415e+00 4.624951019648523953e+00 2.083055685292119108e+01 7.595505748987193329e+00 3.893637502515639426e+01 1.920414315784064740e+01 1.916010739098132731e+01 3.968054768724265102e+01 1.583704767687411419e+01 2.894275661982022996e+01 -6.269742813590255537e+00 1.842065860485208617e+01 1.749672863218519581e+01 2.323146486613484996e+01
1.617161726558585588e+00 -5.520706382393833600e+00 -5.772027969360347122e-01 -7.737629897481811625e+00 -3.929148603392684791e-01 -6.314862961769103222e+00 -1.008384916266879294e+01 2.408356072258781122e+00 -2.973737560107672984e+00 -9.317055922634208898e+00 5.475025605174526078e-01 -2.023681574601390754e+00 -1.843201145723267231e+01 1.729442262649542261e+00 -8.817401894816644159e+00 -2.013531573613490888e+00
-6.885357190946951533e+00 1.219921254941397137e+01 1.260483741760253906e+01 -6.514605991835645149e+00 1.025301446085392953e+01 2.201955478668212862e+01 1.421878999954945044e+01 -7.854935835747809847e+00 7.933141673114935344e+00 1.153390519124157265e+01 -8.859456634596931224e+00 6.929899683365303709e-02 -8.231402440504574258e+00 9.268606527946129603e+00 1.943040296766492858e+01 -8.120553578601926503e+00
-1.935048959150418924e+01 -1.201243156109538113e+01 -2.687293577194213867e+01 -2.078738942941812340e+01 -8.275660761542923183e+00 -2.575778244018555085e+01 -1.284959024029809882e+01 -2.348723626571849010e+01 -1.106736319039909588e+01 -1.592360869781025912e+01 -2.364635581494886196e+01 -1.697606988595082100e+01 -1.695285208813555755e+01 -7.130135454391613337e+00 -1.953960869047377003e+01 -2.337514292465316501e+01
2.237786283859840797e+00 3.246451977321081817e+00 8.397384881973266602e+00 -4.574402910048571691e+00 4.264015919196861404e+00 7.289050272703173405e+00 6.191740254594674475e+00 -3.239018770029950200e+00 8.894997849850578842e-01 5.395594710449007181e+00 -5.037741063516361528e+00 -8.437738647827746075e-01 -2.561367157217744772e+00 3.894225344524292254e+00 6.017232826462499240e+00 -3.613085004604522865e+00
-6.999286002510197058e+00 1.124570445503511706e+00 -2.265179991722106934e+00 -8.607608775688895264e+00 2.273225643064680668e+00 3.239241261482236567e+00 3.263693725740557383e-01 -7.094645650934991110e+00 7.961296380405746831e-01 -1.182339288153740675e+00 -8.757767710787570437e+00 -5.474821700041111683e+00 -1.209257820364715386e+01 1.542821772704881411e+00 2.539712929063370872e+00 -8.327923608322938875e+00
-6.422630903178020212e+00 1.256925319348063397e+00 4.512031599879264832e+00 2.584803925372495037e+00 3.803857822781028020e+00 -1.747470436096189905e+00 -4.319340055053295657e-01 -5.809395287158991561e-02 -6.684482844782535516e-01 -5.031881773809215863e-01 2.286949793371987116e+00 -4.356359699139227715e+00 -9.131312513506253392e-01 3.475276255813146697e+00 -2.551277973033764468e+00 -1.207656367950970422e+00
-3.983305749984892952e+00 -1.008659432296244329e+00 -1.859937012195587158e+00 1.380719051586355661e+00 -5.630595233647725628e+00 9.095659875869728239e-01 -5.333563812278416805e-01 -2.235001436985323053e+00 -7.046096380327794506e+00 8.710686137091392389e-01 5.646638830628516459e-01 -6.224519366484427607e+00 2.379974708154599217e+00 -6.064757866695010158e+00 1.114018917083737570e+00 -1.774091693924533253e+00
-1.614130102179863302e+00 -3.876283654144829782e+00 -6.942597508430481845e+00 6.373714280175426516e-01 -2.888229359746974367e-03 -8.874653611183163093e+00 -7.250601900590428528e+00 -2.367509875528130969e+00 1.603011860813897904e+00 -7.079332705938592873e+00 -1.539240124670764764e+00 -1.264946366158816060e+00 2.380987649614156876e+00 1.733457635188920154e+00 -6.919296548322391160e+00 -1.650205877423287060e+00
-8.507888928874510981e+00 -3.890671193599703148e+00 2.521846711635589600e+00 -9.225108084716199031e+00 -3.382813679394517603e+00 2.743762722015379296e+00 -2.660868570611309991e-01 -6.280104043927507540e+00 -6.038239444645359555e+00 -1.573113857012877759e+00 -8.916218388684191254e+00 -7.462338545230720044e+00 -8.419642439523302713e+00 -4.070290551514464283e+00 1.091489071095428365e+00 -8.089088174700739486e+00
2.433875308602727728e+03 3.651908856686612125e+03 6.255528500572323537e+03 1.698385682677671412e+03 3.381645909978375585e+03 5.591764358506958160e+03 4.437518041559411358e+03 2.015149388269519704e+03 2.978364409528050146e+03 4.075323333869249382e+03 1.861708258270855367e+03 2.682092402705320637e+03 1.488349797354450175e+03 3.212296864868842476e+03 5.036565386459556976e+03 2.220595959085349477e+03
1.250912173763735757e-01 2.381696428571429547e-01 4.479980468750000000e-01 7.310377706692915145e-02 2.084493885869566354e-01 4.174218750000001643e-01 3.124076224662163392e-01 9.068487682481764234e-02 1.677555567781690293e-01 2.791034050707548730e-01 7.671887361550622231e-02 1.501502403846153855e-01 6.890472808441569508e-02 1.845804148706896575e-01 3.522677951388889506e-01 1.056857638888888534e-01
