-1.954863744463239357e+02 -1.763320443924159804e+02 -2.974164355351373956e+02 -1.813196468353271484e+02 -1.665031635450280589e+02 -2.010970128822326615e+02 -1.800737644024749500e+02 -2.272575636969672246e+02 -2.019087946274701153e+02 -1.853242475589116225e+02 -2.157598290076622618e+02 -2.345340633392333700e+02 -1.858019488198416411e+02 -1.791272440592447879e+02 -2.479236443463493913e+02 -2.429360838803378044e+02
-1.077346035412176661e-01 9.555553990194245273e+01 5.975792854260176057e+01 -4.178699016571040659e+01 1.095254317573878780e+02 6.110603845596313732e+01 1.240791989226838865e+02 2.271235291163128522e+01 -2.913445127711571558e+01 8.196435372034711975e+01 2.375465136307951752e+00 4.035278487205506792e+01 7.167749168759300460e+01 -4.599422149658198578e+01 4.545709793707905533e+01 5.758210715380582201e+01
9.505437476294384069e+00 -2.791460088834371334e+01 -2.572920573063378846e+00 6.015927100181579590e+01 -3.576668500554739438e+01 -1.537385047554968764e+01 -1.941036680340766196e+01 9.698887480629823088e+00 5.734887145547305920e+01 -2.617263575312163226e+01 3.506531594349788605e+01 1.691611563165984933e+00 -1.866465214462506239e+01 6.860568466186522585e+01 -2.548078508938059095e+00 -8.132361597635529904e+00
1.199032073361533257e+01 -5.813111201949331175e+00 1.110962882867224977e+01 -2.185746940970421193e+01 -1.529394881016967567e+01 2.545349661707877331e+01 -2.018551828523181868e+01 7.077249162726930720e+00 -9.572854035040910148e+00 1.189844353683292510e+01 -1.119716395781590101e+01 1.353957434495290357e+01 1.659584005389893591e+01 -2.701983839670817389e+01 1.795659850976045036e+01 2.046150518615136349e+01
7.282669109957558007e+00 -1.230593003230552185e+01 1.779996624359723612e+00 1.283402388542890193e+01 -2.645020658598431851e+01 -6.011377894878426886e-01 -3.878721636800625561e+01 2.623478720585504576e+00 1.005645439028739929e+01 -1.554362563623320703e+00 8.874291640061594322e+00 6.708447873592374933e+00 4.870160605226221406e-01 2.440177834828695325e+01 5.857913036556807285e+00 1.248018344694916237e+00
-6.156620855842318107e+00 -7.503169454123868043e+00 4.481041959463032853e+00 8.660658337175851429e+00 -9.266668858303539480e+00 -1.947334156751632150e+01 -1.636925914394321069e+01 -2.548918065097597996e+00 1.216699908761417781e+01 -1.576716889937718413e+01 7.859110859724191656e+00 -7.787679261217514970e+00 -1.646970453574543569e+01 -1.297189863522848263e+00 -6.089261319707423681e+00 -5.747468468817798382e+00
-1.098236668109893799e+01 -9.921287837093828443e+00 -4.289661001700614484e+00 -2.210155576467514393e+01 -4.072229502857587669e+00 -7.745415244698522272e+00 -5.098055053557923877e+00 -1.091981968366437350e+01 -2.504813006344963711e+01 -1.387914473480648780e+01 -1.806612160572638714e+01 -1.162069829305012902e+01 -1.481192108279183017e+01 -2.108157984415690223e+01 -9.681988106054417287e+00 -7.138290486552499203e+00
6.477962349142343257e+00 -7.949499569527094245e+00 4.151641403826379140e+00 1.664687898755073192e+01 -4.821974826031834915e+00 2.611696460247038498e+00 -3.911673496685809326e+00 7.098064005374905783e+00 1.614129725624533052e+01 -2.951962278948893292e+00 1.172895044546860710e+01 8.163432235519087143e+00 -1.686859738259093300e+00 1.675541744232177166e+01 4.504518091678615832e+00 6.901162578300995554e-01
-1.301155338968549202e+01 -1.284484562890170167e+01 -1.606794937298846371e+00 -1.615525740385055187e+01 -9.649845883898111154e+00 -8.913346980810164411e+00 -8.003306106400131625e+00 -8.558230969640943542e+00 -1.417189239754396013e+01 -1.071642147656529787e+01 -1.106509247192969525e+01 -1.012949403127034209e+01 -8.587505600282122842e+00 -1.737736632029215400e+01 -1.185261439225252644e+01 -6.912816028703340443e+00
1.367633535180772952e+01 9.837917625087586160e+00 6.497119781298513530e+00 1.096592393890023232e+01 8.694901129689768027e+00 5.164469027519187350e-01 1.152528302438223662e+01 1.124410747157202728e+01 1.228654942793004601e+01 4.452720161113477459e+00 1.308541235556969085e+01 9.050627330938972648e+00 2.117220586254482839e+00 1.480509673754374234e+01 8.439266460783340307e+00 6.670185980471696752e+00
-1.025047114065715093e+01 -3.982257833219556176e+00 -3.880230165253848007e+00 -1.021236798539757729e+01 -2.997037712214654537e+00 -5.274111855030060525e+00 -7.565476655960083008e+00 -5.964394721719954440e+00 -9.754773700938503822e+00 -6.324805212931501330e+00 -7.769631193234371125e+00 -7.239180543770393328e+00 -7.629673844292051754e+00 -1.084685208797454692e+01 -6.363968561239103039e+00 -5.371087622913448101e+00
1.869668824332101353e+00 4.938702905423021150e+00 2.211612145105998017e+00 1.323878776282072511e+00 3.164196042047031199e+00 3.988748990297318109e+00 3.781212591858052807e+00 9.462162396974038714e-01 -9.506041688077586649e-01 6.523904498459565104e+00 1.136499035816926462e+00 3.362288986643156008e+00 5.973629588882128694e+00 3.083504327138265388e+00 -9.730375260114665359e-01 3.236386212435636178e+00
-5.695715618985040862e+00 -9.235820813130027673e+00 -6.296439051532594533e+00 -2.128301117569209033e+00 -1.110134600729182353e+01 -1.412625546693801937e+01 -5.928291648626329291e+00 -5.575009837125739054e+00 -3.865071259877262300e+00 -1.087894725137286756e+01 -5.255732462956355988e+00 -8.510697980721792177e+00 -1.267779412546328288e+01 -3.262396893898646510e+00 -5.874325638308246056e+00 -8.688983818346804000e+00
5.254755174900687052e+03 1.960318444400643102e+03 3.351497422702699623e+03 7.187945491336568011e+03 1.717958974949304775e+03 2.858174352655702023e+03 1.457746877225150911e+03 4.672616959071032397e+03 6.738523428027426235e+03 2.246353815678950014e+03 6.002793349517315619e+03 3.960070812604008552e+03 2.539438560755432718e+03 7.601404100722837029e+03 3.587680142488184174e+03 3.140892716306250804e+03
3.641183035714286031e-01 8.990394905821919025e-02 2.045335036057692457e-01 5.904235839843750000e-01 8.455757472826087862e-02 1.698535156250000067e-01 7.671845848880598506e-02 3.152669270833333703e-01 5.109719669117647189e-01 1.023356119791666852e-01 4.169546274038461453e-01 2.659505208333333703e-01 1.208263578869047811e-01 6.186197916666666963e-01 2.392290900735294379e-01 1.745494495738636465e-01
