-3.626464657450832192e+02 -3.080009657052845569e+02 -3.872485249837239394e+02 -3.293059853447808223e+02 -2.856826011823569615e+02 -3.309452088454673913e+02 -5.060249835075214833e+02 -2.943277245798416857e+02 -3.511070989252446566e+02 -3.563625021762535425e+02 -3.313056965489541312e+02 -5.788575385199651464e+02 -3.313243157068888536e+02 -5.509581753200952789e+02 -3.184685278998480840e+02 -4.228666061401367529e+02
4.418233307572292290e+01 1.189742244573738219e+02 -4.720328987969291745e+01 -2.740827262070452264e+01 8.503688723108044201e+01 4.081899348004000672e+00 1.286828996374251801e+02 1.026911558335826271e+02 6.465423663631901263e+01 1.291057037603658557e+02 -4.684060755852739533e+01 7.263133163452148722e+01 2.575958129763599658e+01 6.127519989013673296e+01 -1.013763636350637398e+01 1.331041692097981297e+02
-2.273415571035339866e+01 -2.283991506466502841e+01 2.490561999215018929e+01 9.375771575503897282e+00 -2.946404605828549705e+01 -1.076234523129874709e+01 3.564746238830240088e+01 -2.984631592323701810e+01 -1.909111497854139472e+01 -1.215342799659635276e+01 6.171646537319297465e+00 2.240267170468964864e+01 -1.414360815286636530e+01 1.794553772608455944e+00 1.432257042990785934e+00 1.229828503231225056e+00
4.387959408760070090e+01 3.467797002941372142e+01 2.868103832668728259e+01 4.503946060604518919e+01 4.417696998203579994e+01 4.941356967543732992e+01 4.590059240828168896e+01 3.758003804568321016e+01 4.454685321220983951e+01 2.791906271752766600e+01 3.610176913968977885e+01 3.913410360548230926e+01 4.722407180070876365e+01 4.144574610392252367e+01 4.864192130830552685e+01 3.697921034892399916e+01
1.415901791287022604e+01 1.745374127649351514e+00 2.184025075700548157e+01 7.302456441852783087e+00 1.710911935357303015e+00 1.270016929661405314e+01 2.773076855375413885e+01 -2.412083966196879814e+00 8.597936566059408037e+00 6.702444126615760389e+00 1.246518815332843566e+01 2.614035023848217065e+01 1.438479514668384951e+01 2.550563973320856093e+01 1.363496622277630976e+01 1.275638856415947586e+01
1.312783141434191769e+01 -6.487757448966950946e-01 1.656011761559380346e+01 2.333955308960543462e+01 1.304269718087072150e-01 1.779855434853454454e+01 1.712155977715836386e+01 -3.756560338601021343e+00 6.580373440797510298e+00 3.485584828056035089e+00 2.176378582369897430e+01 1.419748887883292809e+01 1.381467443456253186e+01 8.149347219202251580e+00 1.552529408203231753e+01 1.991028543810049900e+00
-4.301155731428500495e+00 -6.501636487646761609e+00 -9.977883580658168938e-01 4.226153141922422307e+00 -9.183520965926039281e+00 -6.462547263194773350e+00 5.738925842528640686e+00 -5.206815861325751804e+00 -5.821669640121875489e+00 -2.858123988523834313e+00 4.775483390977308673e+00 5.469439374075991012e+00 -5.696903319408496813e+00 -2.712080111768512936e+00 2.188889261749057624e+00 -1.064441737532614951e+00
1.536534011017447687e+00 -6.284290031315032721e+00 7.690750148561265043e+00 3.450808528396820840e+00 -7.311106101164344118e+00 2.954572612098581352e+00 1.528068915199726163e+01 -5.207994144449949125e+00 -8.640891071204301888e-01 -4.039803788310200261e+00 4.747774823058036553e+00 1.796659016079373217e+01 3.687647248307866832e+00 1.318280163870917221e+01 3.211628008219927777e-01 6.206323614592340832e+00
1.912223720619843359e+00 6.128908060491200516e-01 7.602948877546521267e+00 8.513413220644004298e+00 4.086417495556504242e+00 3.848510685665853970e+00 5.621640727240986735e+00 2.084213981545107508e+00 5.465612107580844814e+00 2.831087847469287766e+00 9.799793003066898933e+00 1.108931690851848018e+01 3.945363155876595584e+00 1.190278516345554749e+01 5.031751354535419551e+00 3.227757736047107251e+00
3.704797903465670394e+00 -2.764978128843586180e+00 6.253695315784877806e+00 8.852303814970783336e+00 -3.067799167829012852e-01 2.443504399266737792e+00 1.134675842650395561e-01 -7.932102636944846630e-01 2.195300117790045746e+00 -3.008976765343405191e+00 8.172651394721002660e+00 7.990413653850552578e+00 4.745759909351669137e+00 8.772440711657203849e+00 5.461187545624046180e+00 -3.016657170156634926e+00
6.916542259066603471e+00 5.964975812830600965e+00 9.350611620479160280e+00 7.758000923527611725e+00 7.230698200995504976e+00 8.107446158754409993e+00 4.213856715471191450e-01 8.625781491839445536e+00 8.017166124267891547e+00 3.740543422151785258e+00 1.018051171687341494e+01 8.571203825208876026e+00 6.029887510463595390e+00 9.763076833883918226e+00 9.311739530828264222e+00 4.020156102875924731e-01
1.748202552434144685e+00 9.168149003615775339e-01 2.620365930928124421e+00 -1.479981207185320224e+00 -6.178373372911099004e-01 4.298954616332874012e-01 4.533165562660140147e+00 3.739849979118022860e-01 -3.984273295481080002e-01 2.272662057984075723e+00 5.838462765659052645e-01 1.048705274793836217e+01 1.640586514025926368e+00 4.930816279682851189e+00 2.261839964323570928e-01 2.373742787043255476e+00
-6.443128817996333080e-01 2.005328719038514507e+00 1.228268822034200181e+00 5.191321092554262995e-01 4.770993656762241297e-01 -8.644975601085309602e-01 2.294473081193070030e+00 7.301827456641891700e-01 -1.366047869016838279e+00 3.287404873820599427e+00 2.565506237168466264e+00 3.955155636204612080e+00 4.016095101833349057e-01 2.365186285972595837e+00 -6.426618397235872582e-01 2.064310347288846881e+00
3.008202726740021717e+03 1.677814639604124523e+03 6.092118540817370558e+03 4.893136029585088181e+03 2.213627853462241092e+03 3.876631551168927672e+03 7.580845578398641464e+02 1.939238055887014525e+03 2.536676733877317474e+03 1.403510852090296339e+03 5.431238055582374727e+03 1.744841939650330005e+03 3.430254345408622612e+03 2.199388655020696206e+03 4.395170302800617719e+03 1.117097670388313873e+03
1.354810138081395110e-01 6.030508188100959510e-02 4.189995659722222099e-01 2.956000434027777346e-01 9.658946161684781040e-02 1.978549299568965192e-01 1.911569148936165252e-02 7.554183467741930336e-02 9.737186641483515370e-02 4.361312115778682996e-02 3.982169858870968637e-01 1.445312499999995559e-02 1.760965983072916297e-01 2.477213541666663243e-02 2.483317057291666297e-01 3.404134114583329263e-02
