-1.995887325286865632e+02 -1.657438630240304178e+02 -1.577564885066105660e+02 -2.123812230428060275e+02 -1.155269758652668060e+02 -1.385589459737142306e+02 -2.222226777253328009e+02 -1.591527080535888672e+02 -1.390463245391845817e+02 -2.319896301269531307e+02 -1.078749338374740319e+02 -1.619739366678091130e+02 -1.814388677808973398e+02 -1.492442715962727959e+02 -1.802764559370098709e+02 -3.326403485107422284e+02
9.029757047380718404e+01 2.105446521895271417e+01 -3.512085560651925675e+01 4.318413834344772084e+01 6.922581684346101838e+01 1.162259011916173250e+02 1.398829441776982208e+02 6.378307431936256933e+00 3.069079522788527470e+00 -4.103266220092773153e+01 8.498276432081199516e+01 3.626608408414399776e+01 1.271635311550564609e+02 -1.930269359217750491e+01 5.840088685353596532e+01 6.426266036987304631e+01
-1.891678592307227547e+01 -1.714869878292083882e+01 2.647823911446791101e+01 -1.395444811241967997e+01 -2.867013947331176738e+01 -3.802507853213649014e+01 6.278285208123691064e+00 -1.625828276077911028e+00 7.829946011304848241e+00 5.686313629150390625e+01 -3.806961996870477094e+01 -1.188306680703775342e+01 -1.553105103969573975e+01 1.135001657075351034e+01 -1.161781572934354045e+01 8.841695518493644101e+00
4.775859358651297271e+01 4.422909191676548346e+01 3.391533244573152928e+01 5.099152410598028240e+01 5.436224205639897633e+01 3.188582449268409746e+01 3.853809996004457616e+01 5.007292898495992262e+01 3.941538975238800191e+01 3.065873260498046804e+01 4.492706679852529561e+01 4.521877637123450455e+01 2.890038826730514643e+01 3.699683125813802320e+01 4.708270428397438678e+01 4.411872756958008068e+01
1.349565430879592576e+01 5.629271800177435559e+00 9.039319570247954516e-01 1.304048840488706418e+01 1.597107320659014462e+01 7.823574086030319563e+00 1.347737737275935999e+01 1.298472224672635456e+01 8.991208888590335846e+00 1.095970630645751953e+01 9.716690378627554026e+00 7.036208249055422748e+00 1.200065565374162624e+01 6.029204156663683811e+00 6.576508219043411430e+00 2.135501453399657379e+01
5.155690203394206250e+00 2.290960663386752927e+01 2.513107607914851016e+01 1.461332390421912741e+01 1.800814230831294438e+00 -9.157460008138542662e-01 1.009725087660330445e+01 2.709386180837948643e+01 1.789685145616531514e+01 1.794277982711792063e+01 4.629857408075491954e+00 1.827023268357300623e+01 7.227766964170665887e+00 2.780135912365383177e+01 1.064849486743861995e+01 1.224205078125000057e+01
2.741913486804370415e-02 1.196452127184187475e+00 -8.436657811586673716e+00 1.874018495991203181e-02 -6.815235362977396960e+00 4.104961187199310579e+00 9.129084812270271243e+00 -1.637871128817398603e+00 -4.486672031879423983e+00 -3.918051004409789151e+00 -7.537011602144128908e+00 -1.287894080846736733e+00 7.233342505825890889e+00 -1.384636246495775991e+00 -4.205431218400144999e+00 -5.583777981996531636e-01
-1.933363718645911611e+00 8.656201105884145264e+00 1.123709030334766190e+01 8.843488853602185173e+00 -6.425661307208390127e+00 -6.221502651219013025e+00 8.116855135670446586e-01 4.390544727444648743e+00 7.384386414289476619e+00 1.471756877899169957e+01 -8.208621918470008438e+00 9.539306142391303922e+00 -6.378940333260429085e+00 3.364903267886904192e+00 4.401552869514987698e+00 1.310245577812194995e+01
-4.116648051568443378e+00 2.124005401134490434e+00 7.863303587986873566e+00 3.175894406579786278e+00 4.802593272559494419e-01 -8.496963646492847744e+00 -4.875926929491537720e+00 3.115943198402723269e+00 4.714154154062268898e-01 8.173276424407958984e+00 -5.170268608578327374e+00 2.931023667638116947e+00 -7.612973377274149023e+00 6.842890332142509635e+00 5.853666548024525351e-01 8.871674752235406913e+00
3.501046262894359273e+00 9.610031955582750030e+00 -9.509256986471332773e-01 3.017483577132226813e+00 -3.267962716063672168e+00 2.564207022204811892e+00 2.136324193190646259e+00 4.269571483135223389e+00 5.115306222438811723e+00 1.698700153827667592e+00 1.567530100715573527e+00 5.432547980394118348e+00 3.382576522562240839e+00 2.169664392868678515e+00 1.819885066061310175e+00 8.347725975513458962e+00
-2.522724362782070795e+00 7.256329219681875387e+00 4.721704207933866471e+00 5.897171378135680264e+00 -4.058903672257248907e+00 2.772039719569816540e-01 -5.654836502340105930e+00 3.968472252289453106e+00 6.416098016500471957e+00 9.992592334747316229e+00 -1.488796004104889548e+00 4.681199176189225319e+00 -4.777688395977020441e+00 6.130899922715292938e+00 2.457583212491237123e+00 5.308966374397276589e+00
4.916944427149636532e+00 5.347024289625032623e+00 5.520264588869535416e+00 5.875772354148683263e+00 1.405413034619116264e+00 5.280927789064101319e+00 2.386109689319575899e+00 3.546895491580168702e+00 1.945213040709495633e+00 6.386226034164429244e+00 1.120945554183815140e+00 3.745800988032268464e+00 2.414313938220342237e+00 7.105631483925714420e+00 3.080727673841245462e+00 9.897872433662412206e+00
1.021409514546393504e+00 3.961680396060858644e+00 3.649969502137257571e+00 1.888092665445237905e+00 -1.809565331178659253e+00 5.001335180100102029e+00 3.881705549028184876e+00 -1.596901963154477855e-01 5.905906409025192261e-01 9.424001002311706898e+00 -6.364695779208400239e-01 1.517369508743286355e+00 4.750712116559345333e+00 3.819075047969819003e+00 2.536305785179204797e-02 5.969099986553191073e+00
1.909061728119121199e+03 3.584344692417299484e+03 5.407674061615206483e+03 2.982857533922338007e+03 2.352997744510095799e+03 1.681205505274079542e+03 1.025687420223131994e+03 3.916094297646236555e+03 4.354824106101616962e+03 6.136891866617394044e+03 2.109265169231440723e+03 3.273918505546683264e+03 1.407750327864039491e+03 4.866505351019643058e+03 2.668936598244894867e+03 2.341404886739718677e+03
6.765485491071429602e-02 1.941824776785714413e-01 3.970853365384615641e-01 1.342424665178571508e-01 9.173708545918367319e-02 6.940224729938271331e-02 3.524667245370370627e-02 1.898193359375000000e-01 2.260009765625000111e-01 3.840820312500000111e-01 8.825543283045976517e-02 1.571138822115384637e-01 4.656032986111111049e-02 3.000759548611111049e-01 1.146943063446969752e-01 4.238281250000000555e-02
