-2.029781143790798410e+02 -3.224709851074218250e+02 -3.715718069637522376e+02 -1.824897419141688033e+02 -1.843403710259331660e+02 -3.335873846629309014e+02 -3.788343699280644614e+02 -2.479318414461814370e+02 -2.795507077983780846e+02 -3.078809963989257312e+02 -2.881590150983145691e+02 -3.641465618735865064e+02 -2.013833270072938149e+02 -2.931285400390625000e+02 -2.417004788716633641e+02 -3.962168220071231417e+02
1.463824557756122999e+02 7.059344985961917018e+01 1.295520600711598149e+02 1.247327737559443221e+02 3.303881920708552400e+01 1.616707613506014525e+02 9.960480907601372280e+01 1.635269331851248182e+02 1.699479456882851025e+02 8.212111343383790540e+01 1.034637659480062979e+02 9.546636099564403821e+01 1.365884995990329571e+02 7.154473961724175979e+01 1.527166556294759232e+02 1.025563382915422181e+02
-6.247573385897426590e+01 -3.633322773933411298e+01 1.004970872402196846e+01 -6.346131288279649141e+01 -2.388721079296536232e+01 7.011778007897163434e+00 -7.930517585764476962e+00 -4.154846108313334696e+01 -2.085573292421360136e+01 -2.748096009641886184e+01 -3.726383966006589787e+01 -2.015367319474095353e+01 -6.399022142754650133e+01 -4.002883203824361402e+01 -4.699998020331065618e+01 8.102118686133763958e+00
2.477154346633902193e+01 5.453718566894531250e+01 4.993962126619675246e+01 3.691943555163300772e+01 3.268345599704318261e+01 3.331708001617401038e+01 4.365637632994584294e+01 1.864356711052236903e+01 1.679567774312174677e+01 4.505083238363265963e+01 5.396727800000923736e+01 4.996011957683062121e+01 3.413451756868097675e+01 6.649420017666287208e+01 3.000897243311007756e+01 4.798301403195250003e+01
1.234801127310647395e+01 3.406697957038879565e+01 3.381606996410034327e+01 8.437684814826313939e+00 4.653359101878280057e+00 1.517830156428474098e+01 3.745234539139440244e+01 1.218427557485589574e+01 5.825173409546135161e+00 2.548128974378109746e+01 3.061883143762525350e+01 4.331965868096603600e+01 1.567717651070821105e+01 3.189616627163357165e+01 2.090245096643766232e+01 3.678792848774032365e+01
-1.696872860114825698e+01 -8.301140246391302213e+00 -1.275128148627631752e+01 -1.788146372126496431e+01 7.599647806750400747e+00 -1.677523314527103082e+01 -2.393308639946130967e+00 -2.040387448820017013e+01 -2.394996410900471773e+01 -4.378472753763198000e+00 -1.708966517783283123e+01 -2.564517688594380118e+00 -1.884151439637773251e+01 -2.332821014192369447e+01 -2.380141764233509605e+01 1.096178335301999596e+00
-1.571925776785140272e+01 9.431410436630242700e+00 -7.248548690887058221e+00 -1.777672292823375244e+01 -1.867817881372239697e+01 -8.516396087786509028e+00 7.256518227743526950e-01 -1.134783424007690655e+01 -6.954265208951403210e+00 4.110737854242326961e+00 -4.082751119739558732e+00 7.362012537686517533e-01 -1.901683851414255955e+01 8.063314464357164368e+00 -1.685218053778011438e+01 8.194848427585466055e-01
1.306613990605661080e+01 3.090265777587890739e+01 1.702031013194252296e+01 2.498438755118327848e+01 1.503060123655531122e+01 1.275388321091259058e+01 2.619312834110059285e+01 1.306830350675825159e+01 1.483497355849135779e+01 2.700668591856957335e+01 2.824163657627747881e+01 2.518047909673892093e+01 1.929168650135397911e+01 2.929615884357028222e+01 1.439115428924560369e+01 2.089646764362559495e+01
-6.134483023546635216e+00 -6.672119321823119620e+00 -8.790503115338436757e+00 -7.428349111909450464e+00 1.693878624174330660e+00 -1.115050791747986203e+01 7.996264066494633838e-01 -1.163454938136925065e+01 -1.380041833543311114e+01 -6.902233426570891339e+00 -1.277797227930486912e+01 -2.034260306311280075e+00 -5.186834084801374978e+00 -1.487356344858805279e+01 -9.512613400618233683e+00 -1.392056815180122697e+00
3.751956684024711830e+00 1.127765213012695789e+01 -4.631932719665385889e-01 1.159605958150784266e+00 1.366923218303256427e+01 -2.545048320104150719e-01 6.909944020316634905e+00 1.251503552420662801e+00 6.303400444048801177e-02 1.042569793105125520e+01 2.055500878376908869e+00 8.330284753912371443e+00 4.002413640004887085e-02 1.419852940241495531e+01 1.416556958754852547e+00 5.592236764290752227e+00
6.241242231899183146e+00 1.449582496643066065e+01 4.207338214797129439e+00 6.506712252679075270e+00 -1.775399407785800854e+00 4.351139897864960027e+00 9.357873551442587257e+00 6.558980788972415432e+00 6.340767020688337752e+00 1.380177933454513095e+01 1.193507454000161871e+01 9.875451746347701842e+00 6.185665248996679466e+00 9.498364329338073730e+00 5.663777247667310277e+00 6.697490241013321466e+00
1.944963521667217421e+00 1.202165055274968530e-01 -3.748457861297280758e-01 2.767599848042361810e+00 7.318400992287530826e+00 -1.560123082427754992e+00 6.014283163446772384e+00 6.751390200550270171e-01 -6.958408127812798494e-01 2.510997135639188915e+00 6.724296409762042792e-02 1.957064627032530035e+00 4.095886755113796518e+00 -1.615339967939589227e+00 -4.266948691010514771e-01 4.499823733287697358e+00
2.194088120013469201e+00 8.084353611469268230e+00 1.937500276876723770e+00 1.310471313155217032e-01 6.667127317852443724e+00 1.586531317541522546e+00 6.780387201359571847e+00 3.318137974052104866e+00 4.474997154783967979e+00 5.051348315477370399e+00 1.183300776093186180e+00 6.264347520313762629e+00 2.039540342986581045e+00 6.849232355753580137e+00 3.153597807486852922e+00 5.624810099893926996e+00
1.489003123922641862e+03 2.358576654551442971e+03 1.105164554929341193e+03 1.753701269584632882e+03 3.332967232471767602e+03 8.608396297375774111e+02 1.489316222361388327e+03 1.218459079658027349e+03 1.023043841932316468e+03 2.070033162748577979e+03 1.878645823305907697e+03 1.664870292898682465e+03 1.622891427790333637e+03 2.686544160019863739e+03 1.366007669647022112e+03 1.292083191898560926e+03
8.180959601151313598e-02 1.197851562499999967e-01 3.667135799632353227e-02 1.014054008152174696e-01 1.903754340277777901e-01 3.698536706349205005e-02 3.912439480633802397e-02 6.125446901483048989e-02 4.870844822303922739e-02 9.024414062499998279e-02 8.849960498595503544e-02 5.014519942434208372e-02 9.472656250000005551e-02 1.799045138888888951e-01 6.728841145833332205e-02 2.743949142156862364e-02
