-2.123460195790166551e+02 -4.436027894020081703e+02 -2.236147524167412826e+02 -2.640136894812950459e+02 -2.332406214975939349e+02 -4.131095543627471898e+02 -2.302057222638811140e+02 -2.193561118704374167e+02 -2.872168019612630019e+02 -2.494144803783562736e+02 -2.174295639352699823e+02 -2.342267708156419701e+02 -2.342212721059020168e+02 -4.045233094588569429e+02 -2.173439125392747542e+02 -2.686576088706215728e+02
2.622547925036891314e+01 8.183965885639190674e+01 7.483463593051862972e+01 -3.017556762695308237e+01 1.042786211399217251e+02 1.095138988134996225e+02 2.954052913401852720e+00 4.708004394906470225e+01 -3.711360184351600822e+01 1.168526344299316975e+02 8.989428044348650815e+01 -1.930358142438139168e+01 5.874671189214146239e+01 1.287539137135381679e+02 1.431797673779989566e+01 1.306412566467956253e+02
-2.365932967351830740e+01 1.653790571354327099e+01 -2.466769207422049703e+01 2.496772115047162188e+01 -3.471430170721336594e+01 1.464299353169949214e+01 7.683637048516953172e+00 -7.169132779856195015e+00 4.749426078796388140e+01 -2.737514447071888668e+01 -3.582774272284551387e+01 1.926678941042527882e+01 -1.828133854731707331e+01 2.435564473919243866e+01 -2.470603996774425326e+01 -2.105353673834067152e+01
3.903425312560537463e+01 4.575379261374473572e+01 5.309902020758146080e+01 2.806960882590367135e+01 3.988495032898502757e+01 4.226751621714178242e+01 3.946739125251770020e+01 5.053533291718999010e+01 2.312346352140108863e+01 3.972651406481296021e+01 4.583509322501642202e+01 4.558545676521632828e+01 5.735800200784710512e+01 4.756331530861232437e+01 3.735187565243762720e+01 3.657018814506111681e+01
6.686709789478256560e+00 1.771184577420355666e+01 2.464964915015923630e+00 1.198079259578998190e+01 -1.678519190438647612e+00 1.302373502951749629e+01 9.167240049157809878e-01 -5.128672396550459922e-01 1.510244762897491455e+01 -3.073623551409429666e+00 2.875344330195297005e+00 -6.867310923078973062e-02 2.374069669716793118e+00 2.089390421950301047e+01 1.010190864231275043e+01 7.314112304331144010e-01
1.334233813311742090e+01 3.068986238678916845e+00 -8.848766782512469398e-01 2.503828839155343644e+01 -4.254318363617132448e+00 5.157353680651145744e+00 2.569577878713607078e+01 9.061800781820632977e+00 1.186247706413268865e+01 -3.162473186850563778e+00 -1.482954690636133499e+00 2.829919719696044211e+01 5.185539784565779797e+00 9.734967269327327699e+00 1.618143861578857567e+01 -1.908729398643595587e+00
-2.236888207819152097e+00 6.435176171362398279e+00 -3.321506994431941973e+00 -3.952635948474590766e+00 4.861615026475850421e+00 9.686438800872521071e+00 -1.654736799853190110e+00 -1.340099745109434526e+00 -5.458200295766193477e+00 1.048945543999914065e+01 -2.032788155312362566e+00 4.633210275484067608e-02 1.947314134785749218e-02 9.018732984752757531e+00 6.760851695485721180e-01 1.191960221496259820e+01
5.082370336936868682e+00 1.847915015183390963e+01 -1.194338694623074737e+00 1.515532706334040647e+01 -9.210782607756660134e-01 1.484970299477845401e+01 3.694436607616288448e+00 3.151074882413458234e-01 1.423344294230143170e+01 -1.446703917240805826e+00 -1.750279740420789931e+00 1.402204624984575876e+00 9.175198623831826161e-01 1.500448694825172957e+01 1.006539820717727807e+01 -2.982500507608877971e+00
5.107817042780962602e+00 1.040103874402120354e+01 6.832088530063940013e-02 5.299011455132411896e+00 -1.798272710698886501e+00 8.204758581266068163e+00 6.730583080223631498e+00 3.396855640362523854e+00 9.264563610156375972e+00 -4.978175151574494528e+00 -3.382396587391451881e-01 6.752770987541783398e+00 1.790469509615025157e+00 5.347698650282366906e+00 1.038079613026070014e+01 -3.187048780394119873e+00
4.155319197670272580e+00 1.205146746337413433e+01 -2.453882761605861162e-01 4.470782628426184679e+00 5.894244132881951259e+00 8.471886674750518154e+00 4.732051131980758996e+00 9.392675498469893469e-01 4.847193479537963867e+00 3.970265613515163050e+00 2.638888358839388992e+00 3.878304866345032575e+00 -2.557067530255928922e+00 6.136580143933707099e+00 3.327594935894011563e+00 3.279099829576828107e+00
7.646465823702192743e+00 9.799479479901494372e+00 -5.847796510956027038e-01 6.674456211236809544e+00 1.619433763885747002e+00 3.794385946021892941e+00 3.601226895515407644e+00 3.190022264347703640e+00 7.971382141113282138e+00 -5.104231579771245642e-02 1.474790821524012419e+00 8.249438643455508924e+00 1.755025602562329201e+00 -1.812687732603236457e+00 1.074713535930801100e+00 -3.521230220139679012e+00
9.565186963781059148e+00 1.145019815256818418e+01 5.869582331139747033e+00 6.703669235110282898e+00 5.185867602806635723e+00 8.192747693016837474e+00 5.060207511697496052e+00 4.375757341990705207e+00 7.832406659921010039e+00 4.335111331524723610e+00 4.240222100360490742e+00 3.391044678895370090e+00 6.125076130557228105e+00 4.594675429489300633e+00 8.559175447277397097e+00 2.074442269382889670e+00
6.789681986622184695e+00 4.027673646807669705e+00 -2.413518294079706195e-01 6.136033645043008633e+00 3.554807262717131433e+00 3.572151708153056049e+00 1.401847749948502031e+00 -1.555361398419399688e+00 8.231236616770427617e+00 5.170325317903405882e+00 7.723638681099540548e-01 -3.896605216938526794e-01 -6.186893288522288259e-03 1.212008991319200923e+00 8.975920595552608461e+00 4.730091743416835470e+00
3.319024058626571787e+03 1.429728307272212078e+03 2.261505882588619897e+03 5.389969463285136953e+03 1.822353853596767294e+03 1.094284706073220377e+03 4.191469851300407754e+03 2.870265798666795490e+03 6.193757566198968561e+03 1.612657764188549663e+03 2.027307204093842302e+03 4.674225298939736604e+03 2.556620634141969276e+03 7.848610486168890930e+02 3.621680001884827107e+03 1.334108405547059192e+03
1.610372792119565966e-01 5.302429199218847145e-03 8.641909246575341097e-02 3.159179687500000000e-01 6.514380262305703717e-02 1.554208431603787410e-02 2.020263671875000555e-01 1.126248719262294834e-01 3.434244791666666297e-01 5.401070510284816661e-02 8.228545827963916481e-02 2.521229619565218405e-01 9.714733714788729990e-02 1.559315557065221736e-02 1.921068274456522729e-01 4.649403331043961557e-02
