-4.619352597727357761e+02 -2.952871200561523324e+02 -2.644803924560546875e+02 -2.833942704634232541e+02 -2.587362405282478903e+02 -2.818837992350260606e+02 -2.521835796958521030e+02 -4.235667936363998365e+02 -3.980232500348772078e+02 -2.918078201293945426e+02 -2.792758941650390625e+02 -2.687787615458170194e+02 -4.479727487715463212e+02 -3.176587516383120260e+02 -3.289864378898374184e+02 -3.768740807358099687e+02
1.061504519934792938e+02 8.400188293457031818e+01 6.350686391194656721e+00 1.153900302540172191e+02 1.037027096218533018e+02 5.264603339301216067e+01 1.440760477969521105e+02 1.334373187629544191e+02 1.234738996596563538e+02 6.909544715881348509e+01 3.795507176717121922e+01 9.730067761739095999e+01 1.103866975572374258e+02 1.618782965007581254e+02 1.237595800584362422e+02 1.592311214524872582e+02
3.832609064602154803e+01 4.168152809143066406e-01 6.720120112101237453e+01 8.222725786946028848e+00 2.024526498935838248e+00 1.929315587547090516e+01 1.219913783983180977e+01 4.123907443455286881e+01 1.829179807504019095e+01 1.870640125274658061e+01 4.037136650085449219e+01 1.517976616819700375e+01 3.218183006559099368e+01 2.424035596063262687e+01 9.740899612826691367e+00 4.475802522776077552e+01
1.752828866532702179e+01 3.152343597412109233e+01 1.504732354482015033e+01 3.729641563783992808e+01 4.169586876586632229e+01 3.394754347536299122e+01 2.457294912557853195e+01 2.061203688018176194e+01 2.718726279622032749e+01 3.602913017272949503e+01 1.477652581532796283e+01 4.879510052998860914e+01 1.864358374145296082e+01 1.675397320797569023e+01 3.483126920269381799e+01 2.711292309663733846e+01
2.115042113100438925e+01 1.706329979896545268e+01 1.346941105524699012e+01 1.514403515512293019e+01 1.517792490235081360e+01 6.637966208987766237e+00 1.262312050085318660e+01 2.074394381776147966e+01 2.105946154111907731e+01 1.327156305313110352e+01 1.943841266632080078e+01 1.203466861446698388e+01 2.282682234143453570e+01 6.608440050953301892e+00 1.534345004635472520e+01 1.667109596729278564e+01
1.581939139238837200e+01 8.276634788513185015e+00 2.903149286905924953e+01 -1.775927652012207147e+00 -6.258447532300593252e+00 9.358485062917074160e+00 -1.551847596309681165e+00 1.301553829835385656e+01 9.291501993934314640e+00 2.445114161968231059e+01 3.042967160542806226e+01 -8.168688098589575119e+00 1.332414277394612689e+01 5.022090114260974403e+00 4.446316239333921949e+00 5.425243949403565580e+00
9.257682239401667346e+00 -2.866262578964235530e+00 -1.368209552764892578e+01 -3.151501520113508370e+00 -6.049806552904616552e+00 -3.576164709197152014e+00 -2.171982219344685383e+00 9.904702769250288696e+00 6.629652728637058345e+00 -6.724489337205888262e+00 -1.918143908182780244e+00 -3.442602482934791652e+00 8.355697976218332101e+00 3.478616648598719330e+00 -2.683726719310207010e+00 1.775178743564350015e+00
7.939871981595310935e+00 -4.236607229709624001e+00 7.718990961710612275e+00 -2.710798268968403590e+00 8.307882470113261419e-01 -3.027881781260171046e-01 -1.145276388996526684e+01 7.133502181695434707e+00 1.332690190701259381e+00 -1.028397592306136943e+01 1.544576517740885357e+01 6.627670749401053385e+00 6.716431458791102926e+00 -2.874711598220619280e+00 -5.302996335491050317e+00 2.956836124463957383e+00
5.849494330512660767e+00 -5.783091723918914795e+00 -2.114583571751912139e+00 -8.933624337342658706e+00 -6.103450834751134479e+00 -2.968808227115207199e+00 -1.537188460638648912e+01 1.595582994271296684e+00 -2.187016761329558356e+00 6.214274406433105691e-01 -1.371363544464111328e+01 -6.320967227220536166e+00 3.227555905542670800e+00 -1.031113601044605055e+01 -2.646000683307650370e+00 -8.761864566073123139e-01
2.600104460149135210e+00 8.995409917831420188e+00 1.297833887736002367e+01 5.835749820552086575e+00 7.324843152805609492e+00 4.261893565456071897e+00 3.878096197780809717e+00 -8.581367273415860808e-01 6.454411858604065522e+00 1.134671232849359335e+00 2.623472213745116743e+00 -8.597012112538022777e-01 1.730294738497053064e+00 -1.840928350624288612e+00 7.384574255635658169e+00 -2.795709434820684791e+00
1.755660111174999205e-01 -3.534194445610046920e+00 -7.002488811810811065e+00 -8.529093913056634335e+00 -5.130018995867835052e+00 1.290692693657345069e+00 -6.114058342419173009e+00 -2.396596537560832907e+00 1.439310596102759687e+00 -2.045205008983612238e+00 2.340320428212483428e+00 4.812561844786007903e+00 -4.366258453755154090e-01 -5.151682424702142882e+00 -6.191039908316827933e+00 -2.658390217289632762e+00
7.413050083859151762e-02 -3.383534239232540930e+00 3.791692376136779785e+00 -2.436608661304820345e+00 -1.807427602785605769e+00 1.594773332277933164e+00 -5.300049055563777145e+00 1.103090041754195560e-01 -3.368444214264552539e+00 1.414124488830561521e-01 3.834082126617431641e+00 1.645333190759020958e+00 -5.567428876483233591e-01 -1.226873943680211188e+00 -2.999106795557083149e+00 -5.646940835884636023e+00
2.570745193697864472e+00 7.553405523300170676e-01 -1.410007476806638405e-01 -2.911520185118370740e+00 -6.014806725360728024e+00 2.884774237871169156e+00 -6.881061187700226789e+00 2.368426880057978412e+00 -1.793787875345774552e+00 -1.461102771759033470e+00 -6.097146054108938173e+00 -8.386451522509259959e+00 1.462839394334762844e+00 -1.406950715341060976e-01 -4.329458667385960524e+00 -3.878853044947799145e+00
6.901090702697342749e+02 2.194060748773215437e+03 5.423843474648323536e+03 1.335120572972769196e+03 1.571782096092580559e+03 3.178526071450460222e+03 9.800478983852217425e+02 5.984421472195524530e+02 9.568579056557939566e+02 2.626598260432935604e+03 3.916172232212164545e+03 1.838945513701446316e+03 7.957960335837595949e+02 7.331207220039918866e+02 1.153098449445473534e+03 4.917280495751006129e+02
1.550174453883532838e-03 5.776367187499999167e-02 2.626953125000000000e-01 3.328080610795455113e-02 3.918909143518518184e-02 6.412760416666665741e-02 2.666272615131578747e-02 1.110092474489795741e-02 1.603190104166666435e-02 3.452148437499999445e-02 1.132812500000000000e-01 3.686523437500000000e-02 4.154265873015887747e-03 2.587890625000000000e-02 2.055506552419354704e-02 1.809630102040816341e-02
