-2.247959342167295347e+02 -2.645889819601307522e+02 -2.600207986831665039e+02 -3.035108265876770588e+02 -2.338861258370535836e+02 -2.466278107643127555e+02 -2.977915488795230772e+02 -2.020927807944161714e+02 -2.655323429107666016e+02 -2.606369072166648948e+02 -2.073468833923340071e+02 -2.499588745472043172e+02 -2.108953908284505303e+02 -2.814436243671481748e+02 -2.555028160942925410e+02 -2.516068825972707543e+02
9.951696198562096640e+01 7.800782253431236768e+01 3.496781498193741555e+01 6.529333251714707842e+01 -6.634935992104686875e-01 9.350535736083985228e+01 6.031277920907004386e+01 1.261129828861781590e+02 2.463401699066162820e+01 7.280152666246569026e+01 1.082924063110351653e+02 8.435015696148541053e+01 -1.486328601837158203e+01 6.753390522326454004e+01 1.096518062220680179e+01 3.963672090831556716e+01
-2.280101647870295167e+01 -5.055557546408282477e+00 7.311358833685519087e+00 -3.053638903191310483e+00 2.452123758622578720e+01 -1.316592236906288704e+01 5.030157031458752925e-01 -2.516510608260119852e+01 1.899598538875580545e+01 -3.800512932442329017e+00 -2.686845803022387003e+01 -9.100958356850373576e+00 2.720889989535013598e+01 -3.835522876705155682e+00 2.301661332448324515e+01 -7.150878495291658865e+00
1.188029643173874916e+01 2.278513996303081157e+01 2.278841772675514221e+01 9.959154997952280652e+00 1.140382095745631652e+01 1.686393322423100116e+01 1.246033264670454699e+01 -1.530429009454592126e+01 1.888866783678531647e+01 1.452685255456615288e+01 4.323419733345515326e+00 2.740841762686883243e+01 1.049990940093994141e+01 1.603920463838819543e+01 2.047168403201633069e+01 2.654584313536945928e+01
-2.172829338188828174e+00 2.205745995044709584e+00 -1.128191579878330231e+01 1.144600171595813620e+00 -7.705606750079564193e+00 2.698578090779485184e+00 -1.278851439555484415e+00 -1.585099075521741341e+01 -1.185700641572475433e+01 2.684464481231330080e+00 -1.277728187799453607e+01 1.996486478073653981e+00 -5.149433314800258010e-01 7.023268781476117439e-01 -1.797433365715874487e+01 -4.420852028225596086e+00
-2.354856157354246804e+00 1.042256836657934560e+00 1.783240854740142467e+01 1.115415636822580581e+01 1.865525490897042715e+01 6.794938664883307666e-01 1.223601581757528045e+01 1.232486477919990886e+00 2.114201164245605469e+01 7.855925514891341166e+00 -1.457099593877798860e+00 -1.597969966399122477e+00 1.121273787816365441e+01 7.898174640485794207e+00 2.829510031806097814e+01 7.797537126039205901e+00
-2.037495083027872411e+01 -1.593284548365551245e+01 -1.148982352204620838e+01 -9.606959076598283076e+00 -1.434136717660086546e+01 -2.250009851492941237e+01 -9.174506276323082687e+00 -2.073287215935332384e+01 -1.417394831776618958e+01 -1.454188566272323158e+01 -1.607648748397826921e+01 -1.795189883681231180e+01 -1.499380071957906146e+01 -1.053442581831398783e+01 -1.308914163377549933e+01 -9.882271162773434980e+00
-7.927179549274777415e+00 -3.028126453575881172e+00 -5.612649455666542941e+00 1.770392815582448875e+00 7.162900311606259507e-01 -6.448871599510319186e+00 6.761201848847786522e-01 -8.796061609472547005e+00 -4.263216525316238403e+00 -3.128796638266461816e+00 -1.073607246875763366e+01 -4.805056822161340335e+00 -5.285733699798583984e+00 5.381111916849121712e-01 -5.791890515221490787e+00 -9.098439710704897543e-01
-2.990744569178284795e+00 -3.387538064109241631e+00 4.084733188152314121e+00 1.375378962140528794e+00 7.338971887316024123e+00 -2.773194122314452059e+00 7.659533452569389222e-01 -3.241212146622793888e+00 7.209221169352531433e+00 -3.353133810533058590e+00 -4.675408890247344296e+00 -6.510740978773256415e+00 5.175120671590168975e+00 9.256594463930434280e-02 1.204837794436348908e+01 -5.868338707246274488e-01
-1.282671965401747993e+00 -4.674405946679730306e+00 1.224723914638161659e-01 3.807449386455126650e+00 8.150245632444108601e-01 -4.185876081790770975e+00 2.353166420208789411e+00 -2.474921175411769259e+00 -2.137700669467449188e+00 -2.163540295652440992e+00 -1.346340638399118106e+00 -9.120612994009675845e+00 -3.103654245535532930e+00 2.239592430955280822e+00 -4.818015628390842409e+00 1.628405307468616670e+00
-4.811797831592889096e+00 -7.284295691096264846e+00 -6.699809749610722065e+00 -8.796281659975649703e+00 -6.455074753080095817e+00 -5.981025139987467654e+00 -7.796340467637044469e+00 -2.380275215421404411e+00 -7.493238188326358795e+00 -8.975507262590769031e+00 -3.976514358520510939e+00 -7.122205127117245738e+00 -6.985245863596598603e+00 -8.921082305201029072e+00 -4.978951268725925416e+00 -7.765523465056168639e+00
2.664415474338778456e+00 3.870698431911677506e+00 4.839843567460775375e+00 1.960265146335569142e-01 1.269141691071647093e+00 3.183340064808727110e+00 8.981965035200134562e-01 8.405539699963160416e+00 2.622924640774727312e+00 6.395239346736198982e-01 3.697134601175786628e+00 4.811040687006565619e+00 -3.154217878977457534e+00 7.167458443318395211e-01 4.136138733890321717e+00 2.395463668986371086e+00
-6.963660062387071470e+00 -6.797635164597759072e+00 -5.424706999212503433e+00 -3.829153003753161144e+00 -7.019949146679469898e+00 -7.494974467158314724e+00 -4.860081307720718335e+00 -7.209797105618886093e+00 -7.635060997214168310e+00 -5.145132050320907702e+00 -6.973877948522565262e+00 -7.662668087454727051e+00 -2.808200607697168838e+00 -4.687115386886110180e+00 -6.177827113204532594e+00 -4.277756377270345745e+00
1.955552221921825549e+03 2.649816780223889054e+03 4.069343035456782218e+03 3.252388614622633668e+03 5.322080507970129474e+03 2.165156623647372726e+03 3.408160797640812234e+03 1.528521616795923137e+03 4.468843896840935486e+03 2.864660512839459443e+03 1.793450351246575337e+03 2.377130495669999618e+03 5.809903989400312639e+03 3.082369396084628534e+03 4.823695532938009819e+03 3.700153921219982749e+03
9.064352101293104980e-02 1.328974184782608925e-01 2.828674316406250000e-01 1.963729858398437778e-01 3.564453125000000000e-01 1.028320312500000111e-01 2.115971080043859698e-01 7.814243861607143848e-02 3.271484375000000000e-01 1.568834459459459429e-01 8.713867187500001776e-02 1.115609102470930536e-01 3.525390625000000000e-01 1.748543432203389925e-01 3.333333333333333703e-01 2.396561472039474006e-01
