-3.239682415169729666e+02 -2.222722936357770891e+02 -2.689737355550131497e+02 -2.909546757748252617e+02 -3.747724984975961888e+02 -3.029530973212663412e+02 -2.429061760535606709e+02 -2.911129756047176897e+02 -3.414343910822792623e+02 -3.092607380260120635e+02 -2.442074319022042914e+02 -2.545437753968320180e+02 -4.754001800304151857e+02 -2.319706217447916856e+02 -3.914749345779419514e+02 -4.822986778259278253e+02
1.695334605185639134e+02 3.661025973728729355e+01 1.138937827700660677e+02 -3.339999801234191068e+01 1.731324245746319548e+02 7.073701991591346427e+01 2.446134781837467642e+01 1.527735714252178809e+02 1.339363888331822352e+02 -3.716045357964219420e+00 6.000259590148930045e+01 9.096747744285457316e+01 9.213822523510188489e+01 2.834211017467362126e+01 1.785136042833328816e+02 1.209030213356018209e+02
-6.227501452584786534e+01 -2.157415129457201175e+01 -4.741471759364716831e+01 3.085899581407242209e+01 -4.085338395521358024e+01 -2.291918286611865341e+01 1.668718099594116921e+01 -7.422214972667194388e+01 -6.028949901792741883e+01 3.011044372211802767e+01 -2.249891864231653926e+01 -4.144456882017144039e+01 -3.222852869297712175e+01 -1.474735945904694745e+01 -1.326517071947457538e+01 -1.540148767530919471e+01
8.471241663949012235e+00 4.069583687611988410e+01 3.238859657276242388e+01 3.908279539409436154e+01 1.160062741107872419e+01 4.128125088713888147e+01 3.706327364994929496e+01 1.106261947124430556e+01 2.058784841450434300e+01 4.233158362995494883e+01 3.447349494269914771e+01 3.479210429979581676e+01 2.933847810293880443e+01 3.613435180098920796e+01 1.889469430083409307e+01 2.213237792402506088e+01
1.753175523443400152e+01 1.011128275735037718e+01 9.413098208961022451e+00 8.043814395603341438e-01 2.182639626939812061e+01 5.056962976622017436e+00 7.745366041476909658e+00 1.116047947559598974e+01 2.157621711421579036e+01 1.032935385270552153e+01 1.157485196760722701e+01 1.849108449483322048e+01 3.766928262382975845e+01 1.376550436461413440e+01 1.940811875928193331e+01 3.021469756662843409e+01
-1.767592205362562652e+01 4.144735749278762427e+00 -1.106362969648269612e+01 2.894640736830861272e+01 -1.740146651968257174e+01 -5.384096350780724904e-01 2.173300497348492399e+01 -1.082571905790231526e+01 -1.217763570707942300e+01 2.221653184023770677e+01 1.479290997811724928e+01 -3.013424796068059131e+00 -2.086474047476097660e+00 1.503288819171764779e+01 -1.440579334227366992e+01 7.161983234109303709e-01
-1.228785061689328906e+01 -2.079436966351100580e+01 -1.703085084302085406e+01 -1.314647757379632331e+01 -6.668268487586836102e+00 -8.936727024788078566e+00 -1.428255794598505979e+01 -1.407323672374089796e+01 -1.103648557170989442e+01 -8.239663254130970671e+00 -1.228515454019818876e+01 -1.390720139847974046e+01 3.043409046325997735e+00 -1.403696075633719786e+01 -2.890722307376562661e+00 4.654412690550088882e+00
1.364966552778028408e+01 1.531220601711954465e+01 1.473923668847197455e+01 1.659213249934347090e+01 1.541115830744896620e+01 1.723630582177361958e+01 1.018909249397424510e+01 1.356649095538334215e+01 1.899392404300824921e+01 1.450621227920055389e+01 1.018461492402212087e+01 7.890841546200080714e+00 2.449058339613993240e+01 6.384825394109435948e+00 1.409952218644320965e+01 2.057267354540525872e+01
-9.208667901620064100e+00 -9.589010796376637558e+00 -1.279808999243237366e+01 4.472297997851118367e+00 -8.977039507219004122e+00 -1.597772952429083659e+01 -3.012676385732798501e+00 -5.311833798579673527e+00 -8.058331684845072118e+00 6.495308204130690655e+00 -3.919497703654427401e+00 -1.070233108128530830e+01 6.639513700745505176e+00 2.019259769055576470e+00 -1.058314958214758761e+01 7.032514020800642029e-01
8.535726551018955055e-01 -3.481253287621906889e+00 -6.686377222481198146e+00 -6.492552318071074247e-01 9.032668621390002039e-01 -6.789139326921729278e+00 -4.256599955833875626e+00 9.306296752049358911e-01 1.792145488517609131e-01 -2.888638826933774606e+00 3.351350423267908774e+00 -4.201489184367455110e+00 1.516023937004211852e+01 6.149812378265238522e+00 -1.993520675227047345e+00 9.403269884735358630e+00
2.267952255624840596e+00 4.790819106357438351e+00 7.373097481614077076e+00 3.043358426345022405e+00 1.378111081810057925e+00 2.344885073775468065e+00 3.407072837536151866e+00 2.201684173330282768e+00 4.458029373652403038e+00 3.845705048604445064e+00 -1.910574965817590343e+00 1.069886710684174513e+00 7.520016365265130176e+00 2.589861955907609925e+00 -2.493822071701323750e-01 9.462070928514012991e+00
-5.430465777994874621e+00 -1.090379692401204537e+01 -1.189393770694727070e+00 -6.913987429520318528e-03 -6.700159489066443541e+00 -6.801069430833640794e+00 -3.605090810702397341e+00 -2.479907654798943817e+00 -2.862639183917688346e+00 3.901825449683447466e+00 -6.907445506964412729e+00 -5.806226296950192989e+00 8.857595299491487495e-01 -2.093916991863538080e+00 -7.125030760653309869e+00 2.799209547182548441e+00
-2.090406868799187023e+00 -1.979442859334605176e+00 -2.663561096645523651e+00 4.597688618459199184e+00 -1.737168774738178101e+00 -1.217959800431896999e+00 -4.632148531767040112e+00 -2.594195128709832598e+00 8.193289997085628773e-02 1.760844669558784936e+00 3.009060782194135530e+00 -2.062723047652490482e+00 7.638012800052865536e+00 6.999304020846330410e+00 -1.731729537015783249e+00 5.129820164293057871e+00
1.290749238544330183e+03 3.107555013330566908e+03 1.842048781064607510e+03 5.458308075499144252e+03 1.111651942014476845e+03 2.384497649452423957e+03 3.947830395226080327e+03 1.457295172105446682e+03 1.628901525010732939e+03 4.691509943545808710e+03 2.716782956253859084e+03 2.095213854626209013e+03 1.889263973299399140e+03 3.477161941235162431e+03 8.834651735238198853e+02 1.423791432211320853e+03
6.923965669014084390e-02 1.567034040178571508e-01 9.124348958333333703e-02 3.826326069078947456e-01 5.567089160839160805e-02 9.225109011627907751e-02 1.876502403846153910e-01 8.010817307692308376e-02 8.279854910714286309e-02 1.956676136363636465e-01 1.148995535714285726e-01 9.554588188559322293e-02 6.386793296755724492e-02 1.750940393518518601e-01 3.888702392578125000e-02 3.906250000000000000e-02
