-1.946722997029622206e+02 -2.241514418029784963e+02 -2.042871712578667598e+02 -1.770836841038295120e+02 -1.927934852882667656e+02 -2.229641857147216513e+02 -2.205838704923303908e+02 -1.977490341186523324e+02 -1.998361848958332985e+02 -1.529914855957031250e+02 -1.893628449873490638e+02 -2.150685852898491532e+02 -2.029952539583531745e+02 -1.772948875427246094e+02 -1.986013706752232224e+02 -2.012605361938476562e+02
1.033517660776774250e+02 8.391071922302246833e+01 5.683349927266439749e+01 3.479195894513811993e+01 1.088218787864402657e+02 9.200429668426514240e+01 7.607222580328220829e+01 6.558668193817139525e+01 9.537689951578776970e+01 1.984705734252929688e+01 1.092012160908092255e+02 8.870773930019802833e+01 9.849329953077364053e+01 4.204775746663411695e+01 1.124060843331473194e+02 5.391935221354167140e+01
-5.443416576385497052e+01 -4.390177879333495525e+01 -3.660135613547430466e+01 -2.412694576808383928e+01 -4.676852734883626539e+01 -4.402204358577727561e+01 -4.366922211065524806e+01 -4.374098653793335245e+01 -5.443943771362303607e+01 4.260563850402832031e+00 -5.513667050274935377e+01 -4.872890387641059107e+01 -5.203802432083501373e+01 -2.778757794698079309e+01 -3.809521266392299310e+01 -2.802965482076008996e+01
2.156379601160685056e+01 2.379228482723236482e+01 3.632925558090209961e+01 2.621509306771414316e+01 2.149208517317418554e+01 2.023386025130749388e+01 2.534207354522332878e+01 3.721366295814515013e+01 2.529437868118286659e+01 6.749092102050781250e+00 1.587460981377146751e+01 2.499067091279559705e+01 2.051053108238592770e+01 2.772513071695963660e+01 2.212074293409074954e+01 3.597958242893218994e+01
8.493178253372490882e-01 2.425578738749028518e-01 -1.096883377763959899e+01 -2.152570370265415889e+01 -9.057722621493866644e-01 1.914341543614865193e+00 -1.736888280002081730e+00 -1.071873075664042929e+01 1.340124303499857117e+00 -1.172342777252197266e+00 1.030611513690514514e+00 2.524931586864922028e+00 1.962760550219840416e+00 -2.524027474721272668e+01 -1.772326741899762803e+00 -1.174457351366678637e+01
-1.767669483025868971e+01 -1.188579384088516200e+01 -6.726970073249602500e+00 7.377753921917509672e+00 -1.528300823767979821e+01 -1.090400662794709419e+01 -9.496073293976667884e+00 -1.449876173436641658e+01 -1.844185264190037543e+01 -1.519725084304809570e+00 -1.398337025263092670e+01 -1.422802967619564640e+01 -1.597768477550367194e+01 4.423713366190593632e+00 -1.609388944080897588e+01 -1.287442783514658018e+00
-1.233897954175869494e+01 -1.251740373730659428e+01 -6.767280760738586309e+00 -2.023512377057756595e+01 -1.143428913752237719e+01 -1.351770972684025907e+01 -1.057520382724157137e+01 -6.871499353647233299e+00 -1.296394258181254067e+01 -2.176773071289062500e+01 -1.232404781607064237e+01 -1.517773580551147283e+01 -1.521556435307351229e+01 -1.397837328910827637e+01 -1.039050361088343877e+01 -5.797444780667622588e+00
-7.661826782425245952e+00 -3.992323606759308863e+00 -4.102119863033294678e+00 -3.410480907985142807e+00 -6.933445422737687380e+00 -4.193923148885369656e+00 -3.295673666930780676e+00 -1.185796692967415744e+00 -8.130649511814111108e+00 1.043940353393554688e+01 -9.378763561899013723e+00 -5.654613390978840748e+00 -6.565991554681848363e+00 -2.630552331606547334e+00 1.332991293498437813e-01 -8.295975650350253972e+00
-1.352767898937066349e+01 -7.022569556534289603e+00 -3.148813029130302255e+00 -4.532816444124493138e+00 -1.056088378694322216e+01 -6.326302417367692499e+00 -6.425874003913344623e+00 -7.517243558168410722e+00 -1.291543927351633414e+01 -5.091432094573974609e+00 -1.544791074774481743e+01 -6.658597399170197662e+00 -1.182854962966790779e+01 -3.506708502769469327e+00 -9.250694462231226822e+00 -3.880606532096861905e+00
8.779100039601324568e+00 7.250007212162018710e+00 1.014490621123049152e+01 3.114908286503383472e+00 9.726926607114295464e+00 6.784255934134126420e+00 7.740645234177752521e+00 6.844917112588883690e+00 8.748071354627604990e+00 1.003238391876220703e+01 7.286614115942608549e+00 7.422228477067418062e+00 6.329169623735474204e+00 -1.026349067687979399e-01 5.308852212769645362e+00 7.665671706199645996e+00
-8.838973358273487513e-01 -5.454432232528922952e+00 -2.529426385958990053e+00 -2.468241844858442668e+00 -2.186797773396526257e+00 -4.833810197189449376e+00 -5.386147625562618835e+00 -1.120936687290666978e+00 -2.816051259835558707e+00 -2.310016393661499023e+00 -2.650603277439419259e+00 -5.912372701697877986e+00 -2.215446081557649549e+00 1.128549416859944809e+00 -4.319833001920155624e+00 -3.966821402311325517e+00
8.226584793130557571e+00 5.313147877305746114e+00 5.065638462702432676e+00 7.479729113834244103e+00 9.868170490971319708e+00 6.283246597647666576e+00 5.638741763626656578e+00 4.336697126924991430e+00 5.955823294321696437e+00 5.486989021301269531e+00 7.591412770477210081e+00 4.620427353514566349e+00 7.484573144919989041e+00 7.485953251520792939e+00 8.461205005645751953e+00 7.822570443153381348e+00
3.877900329232218724e+00 1.073800862953069313e+00 8.802652458349864428e-01 4.194569417408533507e-01 8.439253913031686594e+00 9.803040686994810571e-01 1.309629563151337051e+00 8.501362763345365892e-02 2.322807375987372414e+00 6.989439010620117188e+00 7.976633112538947579e+00 6.330515278710491245e-02 1.845522802413965380e+00 1.144467592239379883e+00 1.113427835277148858e+01 -2.813869992891947724e+00
2.006811961525458173e+03 2.484063444848065501e+03 3.035986269691790312e+03 3.765983055712553778e+03 1.736681992804986749e+03 2.277524092339403978e+03 2.640622777722863702e+03 2.838698453677426187e+03 2.194615452510450723e+03 4.698209362869274628e+03 1.887043691025874068e+03 2.369150416094049888e+03 2.105095758142162140e+03 3.517418506363783308e+03 1.523224335154474829e+03 3.252309796605508382e+03
1.182454427083333703e-01 1.570166015625000522e-01 1.927083333333333426e-01 2.892020089285714524e-01 7.224754050925930038e-02 1.318420410156249944e-01 1.702076981707317527e-01 1.950683593750000278e-01 1.325846354166666796e-01 1.342773437500000000e-01 1.040704900568182323e-01 1.536051432291666852e-01 1.247379954268293123e-01 2.370605468750000000e-01 4.833984374999998612e-02 2.211914062500000000e-01
