-2.333942871093750000e+02 -2.573944105065387475e+02 -2.346749343872070312e+02 -2.986416790771484102e+02 -2.913394337529721838e+02 -2.246818774354224502e+02 -2.310174051920572822e+02 -2.972197411578634387e+02 -2.247557650479403435e+02 -2.723976969632235523e+02 -1.313877715134038908e+02 -2.580403298117897748e+02 -2.000851744361546025e+02 -2.157365341186523438e+02 -1.723862572321815492e+02 -2.303067816768784439e+02
1.051569231936806261e+02 4.995159563810928205e+01 -1.073435768485069275e-01 6.756895370483397301e+01 7.260260391235350141e+01 1.290040363984950034e+02 8.997272239791016091e+00 6.289675289651621881e+01 1.434509710832075768e+01 7.888440593372691012e+01 1.149587177183569935e+02 9.711133949973365986e+01 2.901528364679089833e+01 -1.591821189721424901e+01 1.332423710898747231e+02 9.029350823092171652e+01
-1.640699947507758338e+01 3.745068109553789881e+00 4.545951843261718039e+01 7.602442016601559160e+00 3.776357762191603129e+00 -5.853508750013278750e+00 3.073365974426269531e+01 2.523935146629806781e+00 1.061341033198616479e+01 -7.838424942710222609e-01 -6.725540449561135858e+01 -8.033731874552643148e+00 8.922806345898168345e+00 3.986129919687905954e+01 -3.937590716377132338e+01 -2.369555698963533530e+01
2.326490819297338319e+01 2.390664950661037125e+01 1.416550323367118835e+01 1.731760517120360987e+01 1.976215215351270515e+01 1.008346556214724643e+01 1.726144626405503857e+01 1.634265542030334117e+01 3.005957209251143780e+01 2.298502652211622532e+01 2.228358232102742775e+01 1.930007123459468943e+01 3.137168441648068296e+01 4.440154870351156191e+00 2.192396942585261854e+00 2.273960159306066231e+01
2.639772460962598188e+01 1.078421038907507068e+01 4.732585236430168152e+00 7.522041954994211466e+00 1.028331279495488459e+01 6.331419041928137759e+00 2.191707544856601686e+00 7.315169532013987563e+00 1.347105676477605485e+00 1.747728915864771082e+01 4.032002286213202069e+01 1.743954707709225715e+01 8.278598184170929741e+00 1.186970766385396203e+01 1.331424390891241671e+01 2.631435714285059646e+01
3.680501842969341908e+00 1.261053332038547481e+01 1.777495539188385010e+01 1.608512442946435073e+01 1.478481031241624599e+01 -1.294461284782360444e+00 1.975477064980400854e+01 1.414885208140249340e+01 1.441733431816101074e+01 1.049907450675964249e+01 -2.021280368653737725e+01 7.819840346683155197e+00 1.620324227084283919e+01 1.344686961174011230e+01 -6.727752846384792207e+00 4.068704685533486298e-02
-1.461548440315222130e+01 -3.729074812453725407e+00 -4.393931508064270908e+00 -6.533246046304768129e-01 -4.026507442088227862e+00 -5.740910089483446832e+00 -4.950914806789823430e+00 -1.644826425482399657e+00 5.327508666298541584e-02 -5.822634612159294676e+00 -3.142350215446659689e+01 -7.654605027762325875e+00 -2.552269266999285691e+00 -5.592821280161540898e+00 -1.469601734384658798e+01 -1.075970088932888480e+01
3.640284287694255383e+00 7.353923009789520293e-01 1.555177599191665649e+00 5.172274462878704071e+00 6.173053730441178999e+00 9.469486913260293903e+00 -1.928459803263340433e-01 3.211794557778734127e+00 -3.996875673532484186e+00 7.949731730331075497e+00 6.470825922925298457e+00 7.824174844134940798e+00 -5.016711437183875688e+00 7.696571889022985502e+00 2.873413610789512518e+00 8.715211410120311086e+00
-3.840056540738597590e+00 1.351868520612301783e+00 5.796394906938075131e+00 4.865503658652303720e+00 4.062331912310225945e+00 -9.764420810867759926e+00 7.107088473108079008e+00 2.494219742391418748e+00 -1.494123133746059651e+00 8.176992806521319324e-01 -8.450247515265536080e+00 7.259273323145771784e-01 -2.226399555154468413e+00 -2.534052928288774709e-01 -1.350698322341555624e+01 -1.614273758178735640e+00
9.506590429105257201e-01 6.066271574600882843e+00 3.911943413317203522e+00 8.463074179887772885e+00 9.088842174281245079e+00 -1.216815482751996136e+00 6.247663431697421998e+00 8.285378380962040268e+00 7.244826422496275953e+00 5.410658162290399531e+00 -1.701175359691062816e-01 3.770825169303200664e+00 6.068549845529639164e+00 4.035161450505256653e+00 -9.163928642159389071e-01 1.940303127449679144e+00
2.127359553779426982e+00 -5.426962226629252761e-01 -1.514040991663932356e+00 6.119912505149893711e-02 8.716719927995104644e-01 4.893685900697526403e-01 -1.837183447347746412e+00 -2.018518668154014595e+00 -3.210719227790828079e-01 8.701270152222031484e-01 9.321764617431446354e+00 7.147558298977931823e-01 -1.188669909601625552e+00 -3.638192415237426314e+00 7.710570312681648275e+00 3.923858943563625079e+00
8.330649651587011206e+00 3.173607950625212837e+00 4.073702304624021053e+00 7.174836778044700658e+00 7.832705593627432350e+00 6.855676452318827607e+00 9.365786578920152650e+00 4.141561841187271220e+00 6.540136169303547575e+00 5.932881665229798429e+00 5.461922169822018169e+00 1.018759539669210490e+01 3.627428176610368649e+00 5.433291415373484590e+00 1.276463790450777580e+01 7.665145056075362007e+00
-3.968074383116080739e+00 -1.403066648089366986e+00 -4.429167002439498901e+00 -1.069012718200684109e+00 -3.593641778697143074e-02 2.479039867719019519e+00 -4.517454147338867188e+00 1.023307980402630157e-01 -4.512862546877427050e+00 -1.075695475665007894e+00 -3.799581978379225511e+00 -1.337123396992683677e+00 -6.481977773749309613e+00 -2.946146488189697266e+00 1.328939021579809143e+00 -6.306418934141293953e+00
1.728576361645928273e+03 3.335760691297591620e+03 5.585634178492146020e+03 2.748554749151420765e+03 2.507898407067183143e+03 1.375053542999820820e+03 4.972487000823759445e+03 3.048341540958940186e+03 4.348013072824638584e+03 2.255571318984528716e+03 1.888237033175142415e+03 1.897242048581385916e+03 3.778207320525111300e+03 6.236835063536952475e+03 1.559627390641791408e+03 2.075135381100232735e+03
6.585372121710530990e-02 1.580757472826087029e-01 3.568725585937500000e-01 8.370117187499998002e-02 7.848590353260867514e-02 5.207375919117650936e-02 3.043077256944444753e-01 1.202445652173912971e-01 2.394797585227272929e-01 7.181285511363638685e-02 1.205101943597560732e-01 6.526988636363639795e-02 2.181555706521739468e-01 4.711914062500000000e-01 7.854352678571430157e-02 9.747387989457829971e-02
