-3.176029789136804311e+02 -2.589649427231044001e+02 -2.029816755956533427e+02 -1.606732711791992188e+02 -1.700350712794883634e+02 -1.568635984148298235e+02 -1.248851983958277003e+02 -1.447836631326114514e+02 -2.678256436611743538e+02 -2.620491002400715956e+02 -2.171477469051585558e+02 -2.185152559782329433e+02 -3.104968261718750568e+02 -1.910658147858410416e+02 -1.921343841552734375e+02 -1.607512092590332031e+02
6.510765158611795300e+01 1.138120806968375405e+02 1.441209024701799990e+02 7.230385541915893555e+00 1.101599922928155593e+02 4.336463165283203125e+01 8.238177437617861187e+01 5.388831363004797481e+01 9.120425569250230069e+01 1.595676263173421034e+02 1.317744397331686343e+02 1.633603174309981796e+02 9.108593048368183531e+01 1.604012895909751819e+02 -2.454026031494142046e+01 1.092300685246783587e+01
-1.925597731963446435e+01 -4.579371034282527830e+01 -6.107163437045348076e+01 6.363564968109130859e+00 -4.971038266490487700e+01 -2.309480176653180905e+01 -4.130842695565058875e+01 -2.606360898298374806e+01 -4.549581152327517231e+01 -1.739992755651472933e+01 -5.639673344107232822e+01 -4.213184124231337080e+01 -3.481030603391782563e+01 -6.283291180540873455e+01 1.491413116455078125e-01 -2.915062566598258798e+00
4.685681906990382117e+01 3.019584466986460569e+01 2.148959417610750933e+01 4.588620758056640625e+01 4.176194412100547027e+01 3.750749206542968750e+01 4.566997583981216735e+01 4.911971855163574219e+01 3.532788191450403303e+01 2.284265748659769812e+01 2.889824535706464204e+01 1.175799165953668535e+01 3.023094030363219176e+01 8.495627820128365926e+00 2.054708862304687500e+01 6.460098354021708644e+01
3.468216697029444617e+01 3.337347078976566905e+01 2.411722315574178666e+01 7.462740421295169568e+00 1.294864759608810978e+01 7.930990219116214490e+00 3.217374857129726706e+00 1.178220840762643107e+01 3.310690721552423810e+01 1.824325978755950928e+01 2.895504476463093724e+01 1.482042131403036223e+01 3.755470584120070043e+01 1.791078222960960886e+01 2.912589645385742188e+01 1.287249724070231238e+01
6.974836536075752491e-01 -1.310777577961960816e+01 -1.593037995756889202e+01 1.871313571929931285e+01 -1.159210006395976578e+01 -3.682435058057307309e+00 -3.414811060346403693e+00 5.160416476866782176e+00 -7.208150532651455222e+00 -1.656804581483205396e+01 -1.794839600955737424e+01 -1.874592062674070903e+01 -3.565557959888666417e+00 -1.527092578861772054e+01 1.203908920288085938e+01 1.986967341105142992e+01
8.722780770581703536e+00 -3.304081181549049173e+00 -1.446618901193143358e+01 -3.876836538314819336e+00 -4.907778243223824610e+00 -5.880101902144294179e+00 -5.742516659457106876e+00 -7.647250764510209464e+00 1.501602099296897919e+00 -7.797411964895823999e+00 -1.392616516842562469e+01 -6.124309350524031359e+00 2.771506515996801312e+00 -1.134399823226579507e+01 8.762907981872558594e+00 2.200706322987876717e+00
2.535708618164063211e+01 1.790486654435119007e+01 6.948392618371522111e+00 -1.940447807312011719e+00 1.022961610380341391e+01 1.380125284194946289e+01 3.994321036955408744e+00 -1.585368850651905248e+00 1.978107978942546907e+01 9.333172994355360075e+00 1.072764347721548894e+01 9.685715013428740860e+00 2.140097028868539297e+01 3.468582329226708616e+00 3.697399139404296875e+00 5.462342788775761626e+00
3.386376443116562385e+00 -2.309584764176852545e+00 -5.965870729438504938e+00 5.007967233657836026e+00 -9.387725894357654255e+00 -4.578302928379613945e-01 -4.495826539294474067e+00 6.016141870442560879e+00 6.384683152462563349e+00 -1.067407445112864295e+01 -3.598187866631676890e+00 -1.297181380004214191e+01 4.740844095391881119e+00 -1.027591301210043540e+01 4.254057884216307706e+00 1.496090014775592891e+00
1.521107694377070096e+01 1.251632510840076584e+01 9.591246548355844226e+00 1.121510457992553711e+01 4.722100448959016816e+00 6.669267245701380631e+00 5.144506949803151485e-02 2.506617496995366956e+00 1.769970705154094404e+01 4.150558143854142124e+00 7.441870713233948997e+00 5.246276453921672633e+00 1.949183630304677450e+01 1.075865898081442396e+01 7.196640968322753906e+00 -3.640109300613401544e+00
1.237590049660724034e+01 7.105919369687777376e+00 1.852952485257871817e+00 -3.139459609985351118e+00 4.534167179874343923e+00 7.216484001704623452e+00 -1.937793398725576655e+00 7.176484900362350317e+00 5.214899957180021417e+00 -4.230878005425142696e-01 4.877262750092663524e-01 1.943467937148452229e+00 9.206094703504019705e+00 2.871570249156253141e+00 8.672389984130859375e+00 5.710345546404520078e+00
5.756513631862146596e+00 -1.142455579075093652e+00 -7.277676317764792735e+00 1.763912439346313477e-01 -3.979750616877688163e+00 -5.913371528897966911e+00 -1.380764883140038535e+00 -2.592694289544049902e+00 3.071800216715403486e-01 -1.026206148664156714e+01 -3.997477196244632935e+00 -5.681847123200432392e+00 1.048558914235661277e+00 -6.756226201246423813e+00 9.389701843261718750e+00 -4.261092722415924072e+00
1.268169046096179997e+01 8.737764985594024481e+00 3.826431620790034405e+00 -3.838578939437865323e+00 3.373641187069462699e+00 6.165494007723672176e+00 9.504709942587492577e-01 2.460858313476338211e+00 1.313549336981265370e+01 -4.623282889525095918e+00 6.028139023745762159e+00 4.685226379779347639e+00 1.289727577247789370e+01 3.798533837606267394e+00 -3.681781888008117676e-01 2.111823221047719912e+00
2.304012212765620916e+03 1.756721630984737658e+03 1.431499777899531864e+03 4.276321279921844507e+03 1.900604982129347718e+03 3.097710281102031331e+03 2.306711306848230834e+03 2.670729075161588298e+03 2.100712729402014702e+03 9.678771705518430508e+02 1.593285143831334835e+03 1.176624308836146156e+03 1.937351964176260253e+03 1.301616883196073559e+03 5.567791955578014495e+03 3.700536306938075541e+03
7.835852581521739191e-02 8.932202482876712424e-02 7.830436862244896656e-02 2.751464843750000000e-01 1.073931525735293824e-01 1.481584821428571508e-01 1.106041217672413535e-01 1.071059283088235253e-01 1.064349235372340219e-01 3.975423177083332177e-02 8.959673713235294379e-02 5.836245888157892692e-02 7.561383928571427382e-02 7.699361661585363281e-02 4.262695312500000000e-01 1.987304687500000000e-01
