-2.014019522094725971e+02 -3.942338883249382775e+02 -3.294671185811360488e+02 -1.951291418308164509e+02 -3.002060448141658640e+02 -4.094581897876880703e+02 -2.735070821126302008e+02 -2.003755023662860140e+02 -3.012600842852924643e+02 -3.539000995342547640e+02 -2.627609652666978377e+02 -2.193798511211688265e+02 -3.802129584418402146e+02 -3.528224748883928328e+02 -2.118606435139973314e+02 -2.879207274239018375e+02
1.358448545837402435e+02 1.300278561240748445e+02 1.162241322199503628e+02 1.648843871325981638e+02 1.802537446863511263e+02 1.133668978655780109e+02 1.133808858235677093e+02 9.280886019193212633e+01 1.743696242931277709e+02 1.184653408343975514e+02 1.681171275394063969e+02 1.461944306593674980e+02 1.151878601074218977e+02 1.597320360456194237e+02 1.160981502532959269e+02 1.602591929885576576e+02
-7.275587783813473663e+01 -1.222418014626752125e+01 -5.773026021321614820e+01 -7.113195624002594286e+01 -3.349242412342744046e+01 -1.247355368512644702e+01 -7.741012827555339015e+01 -7.093425868107722465e+01 -3.911826337769973350e+01 -4.893132464702312490e+01 -5.428959674566564786e+01 -7.090616789597727632e+01 -3.027701247533160256e+01 -6.616765970275494624e+00 -7.050452086130775342e+01 -5.695333552810380695e+01
2.400261008262634022e+01 3.170196730212161285e+01 4.358292865753174539e+01 3.424163372778323833e+00 1.382555346453892220e+01 3.215583850719310277e+01 5.060619290669759351e+01 3.445078737002152280e+01 2.103636734984641876e+01 2.888408770469518672e+01 1.207744232281833874e+01 1.963142135143279887e+01 3.070185891257392186e+01 2.583976740780330772e+01 3.257892970045408276e+01 2.208232233659276744e+01
6.227280864715575959e+00 3.405842319287751963e+01 3.929017035166423000e+01 2.106363723917706210e+00 2.228756903024280689e+01 3.754707237526222485e+01 3.741201152801513530e+01 4.907484141679908873e+00 3.077840098114900869e+01 4.057750707406263757e+01 1.606124158308539762e+01 1.092378337887617334e+01 4.014779824150933507e+01 2.416671293832006739e+01 9.540945946673552669e+00 3.118146468558401452e+01
-1.751937048971652899e+01 -1.011055529039157364e+01 -2.626800739765167236e+01 -1.083979703740375911e+01 -1.988360169354606910e+01 -3.690686250174483263e+00 -3.537128918965657931e+01 -1.068742639055619037e+01 -2.342716572451037038e+01 -1.524516489184819612e+01 -2.035439773722433898e+01 -1.343270869988661609e+01 -1.050988650090164711e+01 -1.545137791974203978e+01 -1.648603076338767792e+01 -2.556414122570235037e+01
-2.075193947553636065e+01 2.475958014789382489e+00 3.113131262362006879e+00 -9.156815536138488199e+00 -3.574944687240261487e+00 4.757503977528319439e+00 4.228723192214967952e+00 -1.941532406669396238e+01 -1.062184251636959686e+01 7.476050693254698842e-02 -9.017202922995663172e+00 -1.783023519882790353e+01 3.486924562354873913e+00 2.965968801152140344e+00 -1.734524752000968562e+01 -8.552855787974481316e+00
1.543922988891601555e+01 2.077643788488287768e+01 2.869447263081868726e+01 9.846468017959013608e+00 1.314818906082826544e+01 2.243468819282673010e+01 3.029822374979654853e+01 2.422797217735877240e+01 1.385801477626312561e+01 2.692144892765925590e+01 1.134261051827753164e+01 1.245821171357081525e+01 2.613294175465901503e+01 1.776909693082173547e+01 2.112811910857756814e+01 1.789230848595781254e+01
-3.714342978000638951e+00 -6.485781870390240123e+00 -1.365178081393241705e+01 -5.464401991629019406e+00 -1.577393507957457786e+01 6.315480724529276557e-02 -1.769736820459365489e+01 -8.276318816038257253e-01 -1.291414236433283591e+01 -3.868454476102040296e+00 -1.147187275114193028e+01 -4.649815087135018565e+00 -1.543155182732468766e+00 -1.447771209762209921e+01 -3.380356682340302399e+00 -1.350033974689694460e+01
6.083240926265717441e+00 6.899753937595768605e+00 8.525407686829566956e+00 7.461925735197415754e+00 2.951515016419923754e+00 1.255106752338232567e+01 1.318760905265808248e+01 9.023661274176376423e+00 3.590735393901202777e+00 1.000500281498982247e+01 5.779452001964543228e+00 5.397441666859847942e+00 1.101772412194145900e+01 6.058727460248150010e-01 5.248224424322446957e+00 3.079950740877183790e+00
7.674160581827162986e+00 5.883616965068013016e+00 1.415526576836904127e+01 9.105314060682202282e+00 3.538751148125704571e+00 8.239228027838246149e+00 1.337424933115641146e+01 8.439060403750492156e+00 3.752854266138966555e+00 1.158526583818289524e+01 6.411357654652125149e+00 6.531262719172697295e+00 9.019364815288119175e+00 -1.633234932309077792e-01 6.644791221121946201e+00 6.747635777266519419e+00
-7.131393861770640719e-01 -2.991032132976934044e+00 -6.210828776160877140e+00 1.600824267399008072e-01 -6.857803009888705503e+00 5.127215760725505334e-01 -1.141828738848368374e+01 -4.012893997705900162e+00 -7.363381814818050763e+00 -1.363713113161234780e+00 -4.246801292812321549e+00 -3.573229452279898410e+00 8.208992355399651331e-01 -8.656774509520758443e+00 -2.806523060798646441e+00 -4.962423343141125542e+00
-6.207069873809818450e-01 2.341426767800977304e-01 1.879840883736807911e+00 -4.684049155653977614e+00 -6.577406946350546901e-01 3.865557950955849087e+00 7.206462494532266838e+00 -5.695840950195606212e+00 -1.798248105444188782e+00 3.348689418572644794e+00 2.816102483742657370e-01 -3.197684540656898111e+00 5.417150170273250076e+00 -1.707520206769307825e+00 -3.868810552855333817e+00 2.094521283541084244e+00
1.585557018122554382e+03 1.168462478381734400e+03 1.864216663819650194e+03 1.343557300474337126e+03 9.843567433187183724e+02 1.337526705517952223e+03 2.176692534404734488e+03 1.896453634903575676e+03 1.107320723301412272e+03 1.654899436951508733e+03 1.226363879750874730e+03 1.474882023251473584e+03 1.518189485782644169e+03 8.681152139715040903e+02 1.725236534253524951e+03 1.364529994248192679e+03
8.672851562499997446e-02 2.734374999999998612e-02 8.140055338541667129e-02 7.399247332317074322e-02 4.585535386029411520e-02 1.989293981481481816e-02 1.444010416666666741e-01 1.034780649038461453e-01 5.014534883720929426e-02 5.363581730769230449e-02 5.939150528169014759e-02 8.117487980769229339e-02 3.511284722222222932e-02 3.159877232142856152e-02 9.830729166666668517e-02 6.758549528301886766e-02
