-3.232970922133501972e+02 -4.567858904977132397e+02 -2.486677187965029248e+02 -3.623203485461248761e+02 -3.496201000093663538e+02 -2.882213948567708144e+02 -3.065101824079240487e+02 -3.027292700195313273e+02 -2.678854777018228788e+02 -4.408508905319942528e+02 -3.090885741824196202e+02 -2.438768473307291345e+02 -4.776382623366370126e+02 -2.701009833518040750e+02 -2.416389638264973883e+02 -3.265196531364716179e+02
6.444425571666045016e+01 9.461180186475445453e+01 9.012293974558545528e+00 9.104589160974474282e+01 1.545686765466847135e+02 -3.060493230819697885e+01 5.448024313790458706e+01 9.039530532836917587e+01 3.872767475673131088e+01 8.636761641729445671e+01 1.393433133079893196e+02 -2.233221515019721437e+00 1.065132248489944971e+02 1.228681720347886710e+02 1.111676730314890449e+01 7.443516935785136468e+01
1.259937226772308172e+01 1.329968284236058906e+01 6.477621541704448305e+01 1.059733593442300048e+01 2.903768941478907095e+01 7.019814904530841204e+01 3.350995769500731569e+01 -1.144753443400080783e+00 3.576109727223713008e+01 7.935299125739486925e+00 1.882851858969245384e+01 6.170777079264321685e+01 2.242995804916192881e+01 1.493962146157627835e+01 4.527257630030312185e+01 3.401937891919910584e+00
1.922811527900837092e+01 2.835559585563138540e+01 1.940769010498410907e+01 2.346119992219020034e+01 3.585527799414384731e+01 -1.044713393847146676e+01 1.779071829319001097e+01 1.538114037235575005e+01 2.252154630706423788e+01 2.461154296965827015e+01 3.597186835039226338e+01 3.944001134236664541e+00 2.931863279107177078e+01 3.133389733614547623e+01 3.939887393315633801e+01 2.090784995670778557e+01
1.137039815574227219e+01 2.027416687745312629e+01 7.061227602618083132e+00 1.123800750573475860e+01 1.420405783480816808e+01 2.235001484553019679e+01 1.126082082816532903e+01 8.069727761149394496e+00 3.723837310359593644e+00 1.669959223667779469e+01 1.626627511841554252e+01 1.042273799578348914e+01 2.311028671264646306e+01 9.103526110729468712e+00 5.458963672320049199e+00 1.354724507734000127e+01
1.464443312147084342e+01 1.539542102075030705e+01 3.209789498647053563e+01 1.031551803194958161e+01 3.865877795144447404e+00 2.490449380874633789e+01 2.232257362774440423e+01 7.991501008371511894e+00 2.259792750222342406e+01 1.504878917478379741e+01 2.550275597277851247e+00 2.142504504521687636e+01 1.798674374892387817e+01 -2.844483460603139946e-01 2.105878755648930678e+01 1.051762926973492185e+01
-4.608020518632490514e+00 3.853706642348532774e-01 -4.264320804959252698e+00 -2.248675377904493455e+00 6.942621636315724487e+00 -1.111049393812815289e+01 -9.936674330915729048e-01 -3.327125177681431900e+00 -1.043933659508114786e+01 -1.731227791025520713e+00 9.877181285548797263e-01 -6.338492027918499083e+00 7.022551563786882944e+00 1.174177048246510813e+00 -7.659516386191051573e+00 -4.209974736334323175e+00
1.610145263812117422e+00 4.835223979388287852e+00 1.018039757297151349e+00 9.632204243022453038e-01 8.390362271160456409e-01 1.351228062311808031e+01 6.022665455511631905e+00 -3.312178386052440526e+00 7.008925635190237813e+00 1.786166627917969985e+00 3.216293766385001085e-01 1.551389614741006451e+00 6.383247387997890598e+00 -2.273076870468233590e+00 2.551604755719501405e+00 6.594659535281582885e-01
-4.540458510027236549e-01 1.714771424093829211e+00 -1.596340464694159689e+00 -1.845827854224945996e+00 -8.757864514611787499e+00 -4.678330908219019868e+00 2.648100210087638295e+00 -2.977690782149635673e+00 -7.426735965978531695e+00 2.464267625695193864e+00 -9.868434044310715691e+00 -1.800950010617574648e+00 1.640342753242570062e+00 -1.377022807986546837e+01 -6.431479515631995270e+00 8.665306000824566368e-01
4.039204476510774633e+00 5.033115485794522392e+00 1.610960744676135370e+00 3.244890037006225914e+00 3.097671945374340652e+00 1.143450333302219590e+01 3.605931935991559811e+00 9.118952250480667487e-01 1.210209256126766775e+00 6.194176620528814681e+00 2.309455644161929833e+00 5.678338495890299598e+00 6.750424023763632597e+00 3.675303343306764337e+00 6.750992159048712082e-01 1.937917484576442861e+00
-5.339802346685353029e+00 -2.778587936590883878e+00 -6.274063050746918613e+00 -5.190236474508828302e+00 -9.966957585991551127e+00 -2.937029654781023957e+00 -7.533303708689554234e+00 -5.857479028801125587e+00 -6.954966083878563410e+00 -3.067564680462728788e-01 -1.031721526881058537e+01 -4.508207621177037439e+00 -6.577650860503911900e-01 -1.145424352937870083e+01 -4.576931635538738163e+00 -5.512874836663167244e+00
3.000544051037131177e-01 1.371937411972600662e+00 2.834046853440149061e+00 -2.032323175150415384e+00 8.888797286733897129e-01 2.616513594985008684e+00 3.032487239156451686e+00 -2.884992074867099632e+00 7.154413404918859021e-01 2.332793887172436020e-01 9.160730130970425877e-01 9.461126248041792364e-01 4.820352407517244586e+00 8.756887842430172153e-01 -3.725233801205952044e+00 -1.615403032446480980e+00
1.475596926229844508e+00 -5.851004291803370005e-01 -2.419563406989687859e+00 -1.277863820015947338e+00 9.098189486272720838e-01 6.698348571856815870e-01 6.975017189979553223e-01 -7.423329053322440529e-01 -3.138127440497989196e-01 -1.553525722878313919e+00 1.080243922415239144e+00 -1.504185062646865800e+00 1.966011916781652769e+00 1.365127246031602404e+00 2.666713676850001491e+00 9.308396559881915167e-01
2.686352453769644853e+03 1.267044617354749789e+03 5.154713263831738004e+03 1.773936858626865614e+03 8.025842355909235266e+02 6.822705123265412112e+03 3.195777740386110509e+03 2.053084335677258878e+03 3.813073989986751258e+03 1.528236988956581627e+03 1.047545793187748814e+03 5.968727901791828117e+03 1.002021156403094892e+03 1.390322380664946422e+03 4.502532073182093882e+03 2.349593321199557067e+03
4.951746323529411520e-02 4.035623664529967847e-03 2.117280505952380820e-01 2.477850430253622852e-02 2.054159296383647332e-02 4.722086588541666852e-01 6.595982142857143016e-02 4.971028645833332898e-02 1.019577752976190410e-01 5.026971726190480882e-03 2.654157366071428076e-02 3.274414062499999556e-01 3.641010802469132890e-03 3.852484199438201834e-02 1.976399739583333537e-01 4.793980609939758886e-02
