-4.453760019938150663e+02 -2.143742255249023003e+02 -2.270479014470026584e+02 -2.298676374647352247e+02 -2.704621604692817414e+02 -2.076971293086498918e+02 -2.346378120216163268e+02 -2.667597067696707427e+02 -2.548785613210577310e+02 -2.081852479091909913e+02 -2.170303311120895557e+02 -3.605701172657501843e+02 -2.226735326094592438e+02 -2.444958195541844361e+02 -2.198286718088429552e+02 -2.178165695190429290e+02
1.172415017728451119e+02 8.272309509277344830e+01 -1.065689320747765123e+00 2.500617487165662567e+01 1.195931317546578896e+02 5.922210919540541596e+01 -1.713880905025722257e+01 -4.158476666041781300e+01 1.060363337868137421e+02 1.062766383969504602e+01 5.281737386612665830e+01 1.151457071548852156e+02 9.551124419068254667e+01 -2.519887990662553534e+01 7.008262572922073730e+01 4.778450779914857094e+01
1.586318709784088554e+01 -3.800928971028329073e+01 -1.177636892749711706e+01 -2.353283291127946697e+01 -2.141769200268358375e+01 -3.379666895307271091e+01 4.185280954515626206e+00 4.436048643929619573e+01 -2.576923921521294147e+01 -1.926704466342924960e+01 -2.250782522133417274e+01 -2.326788411308559290e+00 -3.786587233380449646e+01 2.919282350576283847e+01 -3.833558781163674212e+01 -1.419135502151078754e+01
3.552676734231690858e+01 4.230731502771378416e+01 5.732644494680259584e+01 5.308434037102593805e+01 4.596888634710028754e+01 4.296463708803717907e+01 5.372879019218522956e+01 2.526414408002580814e+01 4.314138181795154026e+01 5.641977207050767618e+01 4.588764316127415555e+01 4.458330895961859142e+01 4.204660235291762405e+01 3.473566891027219583e+01 4.224062194023933614e+01 4.258168641499111118e+01
2.319755643495802389e+01 5.985884034395220432e+00 2.899227853004752831e+00 9.905803155899050694e+00 1.161700567750647650e+01 2.823979564472658410e-01 2.874809326352302463e+00 1.433316275051661748e+01 1.227218889771846655e+01 1.309708040467528534e+01 5.679839633050422165e+00 2.108363993962606031e+01 7.818124935781359142e+00 -4.410091313448560868e-02 2.431794829510312006e+00 6.523600510294950361e+00
1.682902850252059679e+01 1.806653106570251133e+00 2.003222879079672936e+01 1.720660804112753084e+01 8.012327640215948676e+00 5.395804902621074817e+00 2.583028834574932020e+01 2.235601234436035156e+01 6.611906391486785495e+00 2.024915005994398598e+01 7.305188347008964911e+00 1.019472510157487299e+01 1.681624252911957385e+00 3.185020261822325693e+01 -1.478830824990364334e+00 1.713401372177261095e+01
4.725444651864186163e+00 -8.195111734151845795e+00 -4.499499229284434243e+00 -2.739981867207421207e+00 -1.459461266931040946e+00 -9.805888239788805194e+00 -7.027083764205109162e+00 -1.521595043795450408e+00 -3.483134358598478197e+00 -5.502885951552278776e+00 -8.383255292794540736e+00 3.252300542134499928e+00 -3.421440541315424078e+00 -6.282303262840619240e+00 -8.092014515316575896e+00 -1.818095881598341901e+00
1.481605411679657713e+01 2.053535468578302492e-01 8.130804246148233716e+00 7.458231992191736381e+00 9.029201369474395555e-01 3.246089474817292597e+00 1.435891745380452988e+01 1.971392604282924310e+01 -2.268856458365921647e+00 7.606718154840687696e+00 4.759054427345590810e+00 4.305434376765520099e+00 -4.151672890289226814e+00 1.204105579853057506e+01 3.630452935512202828e-01 7.300998782260076148e+00
6.593687623463294400e+00 -1.348806855440139563e+00 6.816400038508268366e+00 5.586494578255547516e+00 4.781389080946988557e+00 -3.134963864773775200e+00 6.449818471799025232e+00 4.838862708636693100e+00 1.806860285108549791e+00 5.060796847177106095e+00 3.004378331204255570e+00 5.943840811458917628e+00 -1.481212311189809006e+00 9.613210818984292416e+00 -3.664138044719088327e+00 3.888993053138256606e+00
8.285690008766131598e+00 3.699107185125349861e+00 1.022774585279134740e+01 3.219675351513755501e+00 2.412841320480460183e+00 1.975573157578455419e+00 6.971643041920016159e+00 3.328475356101989746e+00 1.573457210733195222e+00 6.109714574592056913e+00 -6.162303047519390731e-02 3.503205290780616821e+00 5.631544038278163633e+00 6.363411857323212573e+00 5.752067115548606502e+00 4.372521880269049532e+00
5.958434692135558208e+00 -2.997644634246894313e-01 1.291106706628429857e+00 5.543333649635313165e+00 1.925615886945534205e+00 1.258862521004882939e+00 2.895158277975546035e+00 7.433875492640902749e+00 3.323500940674186666e-01 3.050228691378304546e+00 2.809069391517410530e+00 2.470529823731151708e+00 3.611134918902370039e-01 6.269615448785550882e+00 1.090345937472118942e+00 1.607398463998518601e+00
1.009235101138002122e+01 1.154548117101191540e+00 4.749999497372369817e+00 3.649029754764503419e+00 2.453736404381175351e+00 1.298244811528550757e+00 3.312993243739411398e+00 2.659472686903817440e+00 3.766704524033946733e+00 2.052420526049858029e+00 5.368253304844694540e-02 5.422242023241824249e+00 2.763446468886710861e+00 5.105244543516273659e+00 -1.270134470471120824e+00 1.483343334921767509e+00
1.344146476851569849e+00 -2.226275293231010366e+00 5.387174851619286997e+00 5.664553986655338491e-01 -9.833790335324733567e-01 -2.819270334412566470e+00 3.051370591730685256e+00 7.272694587707519531e+00 -2.797625121578829255e+00 1.967995020192722544e+00 -3.685050623402709391e+00 7.324031942929973837e-01 1.752137706862935129e-01 3.504396295005625106e+00 -5.105155477365403982e+00 -1.675404318315642405e+00
9.113489619381250577e+02 2.124622753906619891e+03 3.923220718361971194e+03 3.222851004939533141e+03 1.467435174297766707e+03 2.478968039073902219e+03 4.441631849875971966e+03 6.055091239567395860e+03 1.714120658854115391e+03 3.544869746334436968e+03 2.666644883862402367e+03 1.218464651735743473e+03 1.919500598251317570e+03 5.141900931934924301e+03 2.298008081510819466e+03 2.901873402502504177e+03
1.032624421296299277e-02 9.844140625000001588e-02 2.217641977163460620e-01 1.621527777777777846e-01 4.749381188118802222e-02 1.200394081858407042e-01 2.643976984797296592e-01 4.031808035714286031e-01 5.539422286184200739e-02 1.986509811046512086e-01 1.223377046130952328e-01 2.746895032051274721e-02 7.825146133093531520e-02 3.048206676136361315e-01 1.110481315559440629e-01 1.340750558035714302e-01
