-2.030268990487763290e+02 -1.972410659790039062e+02 -2.440442598783052688e+02 -2.538312913943559579e+02 -2.472258711469934269e+02 -2.000866982596261039e+02 -2.119750616891043649e+02 -2.533602378481910478e+02 -2.066390991210937500e+02 -2.124520251095949845e+02 -2.340397242546081316e+02 -2.134955798339843511e+02 -2.748539838790893555e+02 -1.998283020019531193e+02 -2.068279142833891342e+02 -2.283017687364057906e+02
9.106902087818492930e+01 -5.196435451507568359e+00 4.705966311234693933e+01 1.107914996024889831e+02 7.009502021302567698e+01 -2.674714265550885273e+01 8.386845588684082031e+00 5.752189110148520967e+01 -3.073417544365497633e-02 1.058818270505129533e+02 8.168508338928222656e+01 1.006042984008789034e+02 1.096708784103393555e+02 -1.655148024559021280e+01 1.860086464030401743e+01 1.117169766859574338e+02
-4.192544587091968822e+01 2.721085636956351550e+01 1.085657556698871673e+01 -4.470757374396677974e+00 -1.300595592437906056e+01 5.411396135602679180e+01 2.770144762311662845e+01 -3.595932785953834809e-01 3.897414684295654297e+01 -3.751072563378367875e+01 -2.340068955570458797e+01 -3.754291311502458939e+01 7.910373032093058754e+00 5.003648109436034019e+01 7.379292170206717572e+00 -2.336432998153296126e+01
4.378474016442442007e+01 2.240751357589449100e+01 2.360593008995056152e+01 1.266451087211950188e+01 3.961987400689022820e+01 -3.170084783009116336e+00 2.956316428099359683e+01 2.859767497295425187e+01 9.202928161621098724e+00 1.885260173940395489e+01 3.743967475146053658e+01 2.240684630076090400e+01 1.613456210494041798e+01 7.011312103271489349e+00 3.662234533400763326e+01 1.474761931869115550e+01
1.922797192046136061e+01 8.715891327176770176e-01 8.290064554948070707e+00 1.155301052484757030e+01 9.309615323518187324e+00 7.152980004038130168e+00 3.023853485073363601e+00 6.403418497049383262e+00 3.772289276123004242e-01 1.658827042153903264e+01 1.591841469705105183e+01 1.721673750996589547e+01 1.636853350698947906e+01 6.692498391866685381e+00 2.503080600783944121e+00 1.258460300618952132e+01
-1.664888041669673768e+01 1.927915116718837041e+01 1.181278509360093132e+01 1.300005343632819610e+01 -5.568908658433469050e+00 1.648910828999110834e+01 1.722492970739092044e+01 4.649062307108017045e+00 2.177825641632080078e+01 -1.046138978757700455e+00 -8.956660766899599224e+00 -3.655615556240083386e+00 2.053184421360492706e+01 2.050973510742187500e+01 7.135619572230748275e+00 4.582306458191428788e+00
-1.272211395474997531e+01 -1.270332303217479186e+01 -8.491188654532800584e+00 -2.915692024888139500e+00 -2.925783869433913331e+00 -1.204041733060564390e+01 -6.524874005998884563e+00 -3.586408520028707692e+00 -1.618362979888915731e+01 -8.619671432526557098e+00 -9.374084733426572669e+00 -1.517079540411630489e+01 -6.279813610017326297e-01 -9.462196087837220659e+00 -8.647629192900296857e-03 -4.031160368838094143e+00
1.980613843058093071e+00 1.204547520620482004e+01 6.055478050158573211e+00 4.585035891869129188e+00 7.058083846848058229e+00 2.015343829563685674e+01 1.278634973508970774e+01 5.145718278629437314e+00 1.089207079410553014e+01 1.066915077167549963e+00 6.114412212371822086e+00 -1.446349453926139006e-01 8.826110422611234796e+00 1.904564094543456676e+01 2.889771698486237383e+00 4.854150827634828858e-02
-2.477809746608592878e+00 4.102711004870278622e+00 1.284171159450824939e+00 5.540656691942453804e+00 -4.841957328167373120e+00 -1.340335266930716251e+00 5.233106636575289627e+00 1.831720913449923938e+00 1.529804247617722268e+00 1.703265966294883249e+00 -2.663687569648031772e+00 1.914789474805196789e+00 8.221814978867769241e+00 2.245003727078438427e+00 3.900030766214644729e+00 -6.346808319742039961e-01
1.313516635063922955e+01 1.434749834878104124e+01 1.142899732406322855e+01 1.343566980423071477e+01 9.124683974905215322e+00 1.678934860229492188e+01 1.566778264726911374e+01 1.154753591333117058e+01 1.493465659618377828e+01 1.920373733816565220e+01 9.108636984229082856e+00 1.601193236430485811e+01 1.327042102813720703e+01 1.947168459892273162e+01 1.657944893836975098e+01 1.616394782608205105e+01
-1.087928409016493703e+01 -8.159978951726639451e+00 -7.470404156125507455e+00 -4.583144778242536077e-01 -9.829063889194042503e+00 -9.121898651123046875e+00 -7.462290670190538933e+00 -8.036822384312038992e+00 -7.472947382926941273e+00 -3.699935599997811408e+00 -9.115656289458279105e+00 -7.560651607513427130e+00 2.858695778995752335e+00 -7.902492088079452692e+00 -7.656957575253076520e+00 -6.219974559816368043e-01
1.104598796096714786e+01 1.296908586365836058e+01 9.292637891494310409e+00 1.330785020498128901e+01 9.407932390557958158e+00 1.332043334415980773e+01 1.048328023297446165e+01 9.017110969339096727e+00 8.460018299520015717e+00 6.297843006777236852e+00 9.744859556108711018e+00 6.162242931524909650e+00 1.255128796398639501e+01 1.139963588714599574e+01 1.431761332920619090e+01 9.957522572441533271e+00
9.937286211685700366e+00 7.259851336479187012e+00 4.584662467241287231e+00 9.778181648407226589e+00 5.958311080932617188e+00 -1.527485166277200435e-01 5.733514947550637508e+00 5.422579518386296371e+00 4.752640570700168432e+00 7.644075359125714009e+00 6.737423022091388880e+00 7.421844197511672903e+00 8.429341822862625122e+00 4.667959785461425426e+00 4.613127890087309169e+00 8.111020361835306502e+00
2.010575715213493822e+03 4.852392920631718880e+03 3.267340154659805194e+03 1.260517459648429622e+03 2.504316901830804454e+03 6.506679188436532058e+03 4.250376313015690357e+03 2.845646686684106044e+03 5.311235141346613091e+03 1.684688933347483271e+03 2.215471244844552984e+03 1.835148824707641324e+03 9.793960948898447896e+02 5.804305004853634273e+03 3.770197285519388970e+03 1.490859375709211236e+03
9.415690104166665741e-02 2.092633928571429047e-01 1.300518329326922906e-01 3.475560897435902435e-02 1.034429022606382920e-01 4.486607142857143571e-01 1.642368861607142738e-01 1.047944568452380959e-01 2.764648437500000777e-01 6.467848557692312816e-02 8.919677734374999167e-02 8.029296874999999889e-02 2.288818359375001388e-02 3.191894531250000777e-01 1.444382440476190410e-01 5.185768821022734149e-02
