-2.067425377424373210e+02 -2.188966977154767051e+02 -1.717039674123128066e+02 -1.879038025992257133e+02 -3.865205063930778238e+02 -2.081992441813150947e+02 -1.927539699191139562e+02 -3.128887541921515663e+02 -2.042794491767883187e+02 -1.629018674577985735e+02 -2.014860519409179460e+02 -2.108688845750762653e+02 -3.602166150410970431e+02 -2.687381314729389601e+02 -2.210918579101562500e+02 -2.085697958809988677e+02
8.157900442079058223e+01 1.554945398966470975e+02 1.185225101312003915e+01 4.422693824768067827e+01 1.189713768182798930e+02 -3.047691297531126509e+01 1.218822744460332927e+02 1.708146185623972428e+02 1.076077049255371207e+02 5.947202246529717229e+01 1.804468164443972000e+01 1.367760503815441950e+02 1.109483958880106513e+02 1.650823924415989552e+02 -4.475534820556642046e+01 -1.455551835468837396e+01
-3.461638172698575033e+01 -5.718385054741373352e+01 1.966426547368367750e+01 -2.671126025063649934e+00 -8.716442695883515057e-01 4.297365220387776219e+01 -6.024179653894327657e+01 -1.340734961942622405e+01 -5.218314324803650095e+01 -7.882021461214339553e+00 8.969536834955214033e+00 -6.682158400372755125e+01 -1.737704891525208950e+01 -4.380788755416870117e+01 4.854168701171875000e+01 2.940597125462123529e+01
4.710456102947855328e+01 2.386143324257415088e+01 3.999613618850708008e+01 4.151003033774239270e+01 2.538164742048396505e+01 3.807432683308919508e+01 3.870615036572728940e+01 2.401985096931457520e+01 4.392281024456023175e+01 4.771093341282436029e+01 4.617483520507812500e+01 2.950790936263596009e+01 2.842522238691647729e+01 1.431186875602917397e+01 2.504079437255859375e+01 4.493615722656250000e+01
1.678489316341488546e+01 1.831992477693675170e+01 5.822186986605325743e+00 6.655394315719604492e+00 2.011999907050021719e+01 -1.231647479534149170e+01 1.488422726733344703e+01 1.831220076193934787e+01 1.979291240796447227e+01 1.267420051779065560e+01 8.665978705883023991e+00 1.834618840130363893e+01 2.633277388662100549e+01 2.110039550850265755e+01 8.764533996582031250e+00 -1.020322244082178642e+01
-6.950478521890419259e+00 -1.854842393302624259e+01 2.072375182062386045e+01 1.604048069034303126e+01 3.498186610465815249e+00 2.821370347340901219e+01 -1.652417368406342391e+01 -1.647525926953867881e+01 -1.677555344551802463e+01 1.654035460381279421e+01 2.745088653564452130e+01 -1.708518126534253412e+01 -5.972828095157982631e-01 -1.450126630695243080e+01 2.729680061340332031e+01 3.414338997432162870e+01
-4.639540896859282171e+00 -1.171428601664525004e+01 -2.198938173552353881e+00 -2.109682117189678685e+00 1.932093058907717875e+00 -1.354808360338211948e+00 -1.446175631384054228e+01 -5.792353906129541485e-01 -7.551282159611583111e+00 -1.409153270721435547e+01 -1.253502756953239228e+01 -1.447386545778774902e+01 -2.042646954456963648e+00 -3.221494503711393342e+00 -1.398759078979492188e+01 -1.112701593126569399e+01
1.378679419949997431e+01 1.007243197346910790e+01 9.091434796651206796e+00 1.138918085609163811e+01 1.594137179851531805e+01 5.636417349179586367e+00 1.626454978613626068e+01 1.792043312913492770e+01 1.673599040731787113e+01 5.597807122128349633e+00 5.816097503900527599e+00 1.391339831090554924e+01 1.759138313432534062e+01 1.255326629469269228e+01 1.382236862182617188e+01 6.716014112745014586e+00
-6.278620421886444980e+00 -1.470005472280361936e+01 6.733197748661035931e+00 5.495599459324557401e+00 4.001289084900250259e+00 1.441621561845143518e+01 -1.002329766608420591e+01 -1.021465796859640918e+01 -1.360409621475265141e+01 -2.612283872706551158e+00 3.184651815891266224e+00 -1.214513552043497313e+01 3.984843527277305952e+00 -1.417968559421992225e+01 -3.994466066360473633e-01 1.277825546264648793e+01
2.838678055031358838e+00 1.617583775961842552e+00 -4.267656435569126216e+00 6.004202110426772876e-01 1.001795703311299413e+01 -1.026890426874160323e+00 2.798534142829124605e+00 -3.368103846123341238e+00 6.727989691309645970e-01 -5.137173370236441272e+00 3.384306418895721702e+00 4.630997955799103671e+00 1.279079600175220932e+01 2.497341178749737267e+00 1.013975143432617188e+01 2.890691731657300867e+00
5.068992945343949508e+00 6.089424708743155001e+00 4.814182981848716736e+00 5.540641452584948112e+00 5.552334793778353372e+00 4.015659809112549716e+00 5.770187631249428684e+00 -1.401484443953471271e-02 6.476904914528132551e+00 3.522913896611759021e+00 8.434254384040833941e+00 6.425927943754487615e+00 7.486170383791129090e+00 5.570421309847581881e+00 9.251884460449218750e+00 1.144059658050537109e+01
-2.332321514223896219e+00 -1.768541944615634298e+00 4.822891950607302025e-01 4.661003811018808562e+00 4.703886001609089540e+00 6.837126046419143677e+00 -3.272663956951527009e+00 -2.890552354486364273e+00 -4.701638686284423940e+00 9.199282952717502404e-02 -3.395185112953180706e-01 -3.647102913478526887e+00 2.258598601445555687e+00 -5.831495625408062988e-01 -2.204560041427612305e+00 3.663083851337433750e+00
-1.649363230134166081e+00 3.476087973441600032e-01 -6.516901726524036986e-01 1.207835010119846730e+00 2.118828018737394014e+00 -1.809701919555664062e+00 8.665009399964705983e-01 -3.474847177141591192e+00 -2.190516576170910557e-01 -1.987380230710620754e+00 -7.925177264213563610e+00 -9.952865093946425823e-01 5.230593112607799355e+00 8.026101240201992670e-01 3.371827125549316406e+00 -2.608666981969560705e+00
2.221109191403426848e+03 1.376798867236144815e+03 4.212888907689642110e+03 3.202606011528245290e+03 1.293722261213042657e+03 5.387020394980327183e+03 1.723401233138911948e+03 9.046081247324874539e+02 1.927724170522534223e+03 2.711909574514768792e+03 3.792766075589419870e+03 1.558258008998378500e+03 1.552616037432338544e+03 1.165514960979534408e+03 6.169704625839265645e+03 4.884612412787516405e+03
1.028683684593023340e-01 6.517650462962960856e-02 1.909993489583333148e-01 1.392996651785714246e-01 2.376680595930226458e-02 3.711751302083333148e-01 8.865792410714286309e-02 3.375565378289468316e-02 1.016479492187499639e-01 1.350678943452380820e-01 1.482421875000000111e-01 8.092963986280488076e-02 3.354899088541660190e-02 5.183490953947361701e-02 5.063476562500000000e-01 3.268694196428570953e-01
