-2.421456582205636039e+02 -2.574329981274074726e+02 -2.677671664151278605e+02 -3.841120831524887080e+02 -2.349406775368585159e+02 -2.149946843927556870e+02 -2.469375693151193047e+02 -2.323757927788628308e+02 -2.861834577259264734e+02 -4.512004630796372453e+02 -2.292094300735828369e+02 -2.618973852052279199e+02 -2.476750807328657515e+02 -2.510535775889520949e+02 -2.625594118179813563e+02 -3.258368697121881610e+02
-2.768856242043628413e+01 1.176213161680433643e+02 5.650424537658693680e+01 1.340386821605541456e+02 9.200818575753109485e+01 1.218656788630921994e+01 7.572022294628528982e+01 -9.603106392092186638e+00 1.217534497411626830e+02 1.331218726865707254e+02 3.299189168353416335e+01 1.034451095721473308e+02 -2.681140060858291463e+01 4.441613209765893089e+01 6.341167499173074873e+01 1.338191263787099672e+02
-9.316412343297674425e+00 -4.911481381538838775e+01 -2.691688345779072122e+01 -1.613420452747814693e+01 -5.156987440834440406e+01 -1.245508665862407582e+01 -4.817927003368848204e+01 -1.047222306728361474e+01 -4.160095096516763391e+01 -5.847855998623643359e-01 -7.421404884305097482e+00 -5.171422234634677295e+01 4.306157307191320172e+00 -2.056253049425456680e+01 -2.821509700436747181e+01 -3.408600733686830608e+01
4.854548650469098448e+01 3.822577139569653326e+01 4.090827510140158552e+01 3.264689935283897881e+01 4.660131524006526860e+01 4.662750041755763419e+01 5.478503644189170529e+01 5.161600854131910410e+01 3.439907114286173595e+01 3.847727694049957847e+01 3.909811786163684388e+01 4.125985884958980421e+01 3.867451719804243737e+01 4.394871238003606351e+01 4.835990899608982829e+01 2.946765557293581494e+01
-1.256704575249129618e+01 1.983924848669103724e+01 4.941968784549006344e+00 2.606128996169123369e+01 2.554722731726034013e+01 -2.056411849504179656e+00 3.070482748469637713e+01 -2.506114614672142693e+00 2.236648620861138070e+01 3.444972716608354801e+01 2.102496391812032073e+00 2.496505924967896917e+01 -1.474899367852639642e+00 3.603602816877151227e+00 1.668637105630289952e+01 2.235917298871778058e+01
2.907613372802735796e+01 -5.838204231527118537e+00 1.520095546137204146e+01 7.210166182037625049e-03 -6.815249463543311848e+00 2.168988520719790003e+01 -1.002970424918245484e+01 2.716717236836751681e+01 2.182878665331943413e+00 -1.463208317756654164e+00 1.579567365729533179e+01 -7.002525172899144223e+00 2.490430251034822362e+01 1.642756749883943357e+01 1.331693068963867432e+01 5.510667423221482508e-01
2.833978874342761856e-01 -6.173127318215021475e+00 -5.706084944714199914e+00 3.185515528843856359e-01 -1.044845224296051001e+01 -6.058390443297950512e+00 -1.012293245556740473e+01 -1.414724334081014945e+00 -3.284669610818748975e+00 2.674621601258557746e+00 -1.144913851175197550e+01 -7.719288808070786878e+00 -1.096054172515869141e+01 -9.039634875629261046e+00 -6.692080151650214859e+00 4.803717654442207774e-01
1.065069963421140820e+01 7.731307320607198719e+00 -3.721039815382560789e-01 1.066035602637278146e+01 7.093321133404966616e+00 7.489197552204135633e+00 9.982903060178404786e+00 1.023903153439363223e+01 3.995611566952186777e+00 1.336585457671073129e+01 1.787315737369449486e+00 7.730802427040273095e+00 9.476112159815700764e+00 1.582396701626157309e+00 6.917643573495651843e+00 2.522371938573975569e+00
-7.333437977518355133e+00 -1.831566090799038804e+01 -4.997345726056542148e+00 -1.067809909361380249e+01 -1.354635720130884202e+01 -1.020512307824736276e+01 -1.456145918715832899e+01 -6.247098285622074698e+00 -1.453716656688209596e+01 -6.647552251815803004e+00 -6.975405354832503235e+00 -1.653610975903236735e+01 -6.096308740702542472e+00 -8.226516411356309177e+00 -9.247212941608125902e+00 -1.797908003210464045e+01
1.855270250524794662e+01 -9.219785236442890053e-01 6.712352793325075950e+00 -3.805817534893307652e-02 4.301089568374060867e+00 1.037504167990251425e+01 4.907184968623084842e+00 1.530118270052804874e+01 2.298362532728611463e+00 2.476513512672915418e+00 5.207648637682892101e+00 2.391085249514681266e+00 1.109785249016501574e+01 5.963854376388631806e+00 7.901872397911162693e+00 2.426780318127617075e+00
9.976283090455190239e-01 2.539758309618456167e+00 3.879293227737594663e-01 1.530538399278375650e+00 1.522406774159108966e+00 -3.331235687841067161e+00 -3.015455515347710502e+00 -9.677232344945273512e-01 9.496993513679756749e-01 3.603885860212388437e+00 -4.645945972481439590e+00 2.560105198365767887e+00 -2.536932335658506510e+00 -2.228909800881923697e+00 -3.704463774158108347e+00 2.142359841928299424e+00
9.250339937210092955e+00 1.497938968862098985e+00 2.901220438697129644e+00 -1.251549200879203516e+00 -3.111636990474322406e-01 3.614710089835257101e+00 -1.127442684515500115e+00 7.508658589257142246e+00 -1.950981631286826223e+00 -7.392869534031039080e-01 1.825992883637893360e+00 -5.422371368101029931e-01 5.950284846804358097e+00 4.941200860168621367e-01 1.505724541602595501e+00 -3.559492629265105457e+00
-1.020448744297029808e+00 -1.810123254079371469e+00 -2.409654902870006055e+00 -2.217415881193717020e+00 -4.354868817505320067e+00 -4.343176141381264621e+00 -6.353119905604884821e+00 -1.511836976226834439e+00 -2.544912565499546808e+00 6.229103909384834381e-01 -3.938414798226469671e+00 -3.481682185380738481e+00 -3.640719455751505684e+00 -1.899552250038023971e+00 -4.240433627559294649e+00 -2.495799014780009983e+00
4.754872840615832501e+03 1.779457840409788332e+03 2.889479595743732261e+03 1.164674505378630784e+03 2.121094328422302169e+03 3.890387770578310665e+03 2.322134812506469189e+03 4.351041951334661462e+03 1.617044152769557741e+03 8.741528339610295006e+02 3.511533818421914475e+03 1.955685806524875716e+03 5.151140247004116645e+03 3.169235654204036109e+03 2.628024712019112485e+03 1.411821544739133969e+03
3.420898437499999001e-01 8.591037326388885342e-02 1.659002130681818121e-01 3.709731867283944107e-02 1.053093804253472376e-01 2.343639026988635909e-01 1.213473534399224923e-01 2.822265624999999445e-01 6.748560855263149860e-02 2.517011088709676658e-02 2.067246547965115866e-01 9.508902894938647821e-02 3.968838778409090051e-01 1.896441915760869179e-01 1.406643775201613100e-01 5.708783586448592379e-02
