-3.117436341785249851e+02 -1.795469207763671875e+02 -2.285760219677075042e+02 -2.564922266006469727e+02 -2.188644060407366112e+02 -1.969082788683704166e+02 -2.096157760620117188e+02 -2.694087816874185819e+02 -2.690667540508767956e+02 -3.069251228332519759e+02 -4.104767844460226343e+02 -2.064886283874511719e+02 -1.968634090423583700e+02 -1.927407007217407227e+02 -2.521227973199659687e+02 -1.866778966730290961e+02
9.024615206037246651e+01 -1.375826879910057698e+01 1.588982259905017145e+02 5.430168795585630903e+01 -5.203078460693355112e+01 1.376213583405484826e+02 1.103877530992032518e+01 7.615285021464029569e+01 1.744954276706861833e+02 8.741111106872560299e+01 1.031637331875887753e+02 -4.396128654479979048e+01 5.218261182308481239e-01 -4.352240592241285810e+01 1.074905212156234313e+02 4.024514666470612667e+01
6.773600735834664377e+00 2.367012847747121640e+01 1.359959875369394311e+01 -4.801664657890794885e+00 4.677539416721889154e+01 5.838673534159790179e+00 1.178474649786949158e+01 5.158687229951230080e+00 2.744733617357584521e+01 -5.795071005821217369e-01 1.652189325961199984e+01 5.743680381774902344e+01 2.662313260138035531e+01 2.655080574750900624e+01 9.805957017406342402e+00 2.706230277093974479e+01
3.033283021336510643e+01 2.527677386147635374e+01 1.034144377144607674e+01 2.681303021311760659e+01 1.778578656060355101e+01 1.682183646264764931e+01 4.096570438146591187e+01 1.713907455404599744e+01 1.349611147217774487e+01 1.877215098142623972e+01 2.219458851380782249e+01 -2.066414594650268555e+00 3.629724500328302383e+01 3.286904799938201904e+01 2.994759865489697503e+01 3.034528888355601595e+01
1.988515962873186993e+01 2.188764401844568219e+00 -3.914407477588246920e+00 9.435004069935530424e+00 -1.829715124198370901e+00 1.771865513029786143e+01 1.196611485257744789e+01 8.092882907390592351e+00 -5.836442734884439432e-01 1.383088810443877925e+01 2.021430741656909547e+01 9.323992758989334106e+00 8.360400632023811340e+00 -7.823844492435451770e+00 2.886865244373197470e+01 8.595434232191605517e+00
4.267316863650367331e+00 1.165301175628389707e+01 -4.082455010832968245e-01 2.123925730586051497e+00 2.564058228901454228e+01 -4.692411610146145939e+00 8.632943227887155402e+00 4.721358528733254012e+00 -2.085286320551579919e+00 4.303845751285551913e+00 9.623682004755199415e+00 1.884778887033462524e+01 9.704544514417650092e+00 1.205368012189864935e+01 -3.272055581692727699e+00 8.862931809642100589e+00
3.851380576690041302e+00 1.112353112016406520e+00 -7.273978028748480540e+00 4.766464348882437640e+00 -5.357060892241340966e+00 -1.397927258670636519e+01 -2.672688743099569386e+00 3.382461427648864039e+00 -6.303258409318714506e+00 4.416409972310067822e+00 8.306208368864933078e+00 -9.724469423294067383e+00 4.856699779629698455e-01 -2.896685883402823514e+00 -1.205908382515752919e+01 -5.174755833365699331e+00
7.206219798042662994e+00 1.783961806978497933e+00 4.771958867037613850e+00 1.129214616492390633e+00 1.214601887975420347e+01 2.840542977617577236e-02 8.552852459251880646e+00 1.693417825798195331e+00 4.708898963487667011e+00 5.200691250711678926e+00 9.429806189103555170e+00 9.783801913261413574e+00 5.958603918552398682e+00 1.645245466381311417e+00 5.832340844215881503e+00 3.000520321455869777e+00
-1.353810568508647449e+01 -1.346660762173788939e+01 -2.353555259027995561e+01 -1.443513678014278767e+01 -3.009954750537874091e+00 -2.865046894919010256e+01 -1.270455542206764576e+01 -1.538965729077657230e+01 -1.752845961762511351e+01 -1.184930754899978922e+01 -3.397258455644939446e+00 -9.138734936714172363e+00 -1.394946699216961861e+01 -5.942169614136215472e+00 -2.171908420901144510e+01 -2.406819967790083581e+01
1.791425814231232483e+00 5.453597068786622870e+00 -1.038078713487530180e+01 8.741809271275995386e+00 8.276735169546945770e+00 -2.451914143009283009e+00 1.305388659238770899e-02 5.379063216845189288e+00 -1.453208759038342457e+01 1.153745450973510600e+01 3.585216015035449733e+00 1.254669117927551270e+01 4.164545573294164527e+00 9.329529196023939264e+00 3.172367543943460877e+00 1.191867389462211158e+00
-4.591941199132374862e+00 -8.175851276942669443e-01 -4.749394870073714081e+00 -5.910073988139629364e+00 -1.465656940426145471e+00 -6.432129304126368297e+00 -6.117333501577377319e+00 -5.771852040290832875e+00 -1.129575688424316837e+01 -2.220805513858795432e+00 5.109890184619221287e-01 -4.603076130151748657e+00 -4.081442289054393768e+00 -6.220287121832370758e-01 -6.625320176924428317e+00 -3.554891896518794780e+00
2.381517115093413572e+00 4.252336672374180004e+00 2.940459298221649309e+00 7.992292027920487207e+00 -1.529158183506558188e-01 2.654370467687393376e+00 2.869696095585823059e+00 7.709306185444198434e+00 -3.833920708493043783e+00 6.356286460161210350e+00 3.469046681577511393e+00 -4.264587312936785057e-01 3.605785850435495377e+00 8.273155186325309440e-01 -2.121072261984789264e+00 7.822206291285425106e-01
-4.074370313258398824e+00 -4.279375880956649780e+00 -1.759751179733794135e+00 -3.346503457054495811e+00 -2.260458196912492834e+00 -5.811453147186448120e+00 -4.972685839980840683e+00 -1.475193047523499779e+00 -7.530380195573623148e+00 -3.672185402363538742e+00 -2.215035435286437870e+00 8.935361802577972412e-01 -6.388558350503444672e+00 -6.148217707872390747e+00 -5.564731385438673961e+00 -8.834815735166724693e+00
1.922781729125307720e+03 5.299989383432807699e+03 1.016742853189565835e+03 3.196369135088879375e+03 6.271378851631700854e+03 1.263440426208991539e+03 4.165995281379103290e+03 2.671771401187806077e+03 7.796062605878473732e+02 2.237819471781984248e+03 1.416048902000881299e+03 6.870471637044974159e+03 4.729466413340336658e+03 5.683113779050955600e+03 1.619181193565657395e+03 3.634698473378867220e+03
3.779529389880949969e-02 3.302176339285715079e-01 3.873258023648647880e-02 7.846069335937500000e-02 4.476143973214286031e-01 4.639175257731960322e-02 2.142028808593750000e-01 5.533854166666665741e-02 3.208856997282613643e-02 2.744140625000000833e-02 8.700284090909143897e-03 6.097412109375000000e-01 2.391052246093750000e-01 4.113464355468749445e-01 4.097624747983869692e-02 1.630415482954545581e-01
