-2.290584660999810183e+02 -3.085751862884849288e+02 -2.353421142578125114e+02 -2.124787223122336002e+02 -2.605003899468316035e+02 -2.591530452304416485e+02 -2.605222142537434706e+02 -2.259607801437377361e+02 -2.929178815988393580e+02 -1.970276133219400947e+02 -2.831073735555012831e+02 -3.149715704860457208e+02 -2.520937652587890625e+02 -2.363610969076351012e+02 -2.125086747290382050e+02 -2.847752685546875000e+02
9.880200924090485159e+01 7.683155240294753696e+01 1.533276348114013388e+01 1.198961517333984403e+02 5.750118679470486427e+01 8.399964035881890823e+01 3.030712238947550219e+01 1.061732210159301815e+02 7.848264782245342985e+01 1.276830825805664062e+02 6.953286425272624172e+01 7.390118233554335347e+01 8.974651336669921875e+00 9.053566259267378769e+01 1.133876147203042422e+02 4.208501561482747633e+01
-5.755894604903549983e+00 8.417448151496168762e+00 3.838419952392577983e+01 -1.928526303280482068e+01 1.556811046600341619e+01 8.357241286171802841e+00 3.275768884023030125e+01 -1.458810459114609159e+01 6.682491784485483421e+00 -2.678574024140834098e+01 7.929751257101692374e+00 8.158667778394327996e+00 4.511620330810546875e+01 -2.470752039734199546e+00 -1.992298515329894215e+01 2.097753524780273438e+01
1.480753033597077106e+01 6.333991034056555058e+00 -4.348864686489106290e+00 3.865414554422548221e-01 8.392967091666326596e+00 1.647859727674060082e+01 8.986915598312998910e-01 1.140019962079823301e+01 9.717735042938818069e+00 -7.585091327627502267e+00 3.021125194927054558e+00 5.265506914042569875e+00 -1.673599624633789062e+01 1.701712895899402156e+01 6.849716674274120898e+00 6.441554327805836699e+00
9.120885724452001853e+00 -2.825645982257789512e-01 9.622038960456848145e+00 -1.282670454545438155e-01 6.202821744812858640e+00 6.924187519484097386e+00 -6.258922020594268609e-01 8.261748777329911420e+00 2.885960582070626668e+00 -8.651006033023197261e+00 2.636968781550725893e+00 -2.080695289983813367e+00 1.605670356750488281e+01 1.025661122403582226e+01 2.888244929447981058e+00 -2.733279148737588926e+00
-9.616207988849325261e+00 1.093985158653667256e+01 1.357074253559112442e+01 -6.747822956605384448e+00 1.058181364668739910e+01 -2.527661234140398339e+00 2.130302747090657789e+01 -8.126083819568153288e+00 5.960851238324098134e+00 -7.439603878806035908e+00 7.905479570229845265e+00 9.859391479607074515e+00 -4.790630817413330078e+00 -1.120988320087899304e+01 -8.370369328579426949e+00 1.907187589009603101e+01
-1.523725512178976338e+01 -2.921941605626904526e+00 -1.917357597351074361e+01 -1.530757822340185115e+01 -1.403836456934610943e+01 -8.958931720919075303e+00 -1.625996669133504113e+01 -1.644388838261366459e+01 -5.478624845353452066e+00 -9.064575880765914917e+00 -6.366174360116323427e+00 -1.799497385700073337e+00 -1.018029785156250000e+01 -1.278515334883514498e+01 -1.491423008622418322e+01 -8.111666023731231689e+00
2.153753758811237873e+00 8.039650479952500817e+00 1.495891838073730362e+01 -3.267672609199169464e+00 5.388546168804168701e+00 6.374568727281356928e+00 1.945137627919514856e+01 7.995861858129518218e-01 8.899619331726659865e+00 -5.230051403244351249e-01 4.871006329854329131e+00 7.614498302160976451e+00 1.852996063232421875e+01 5.913649720805031151e+00 -1.535418744815478576e+00 1.472852134704589844e+01
-6.247551879776056083e+00 2.417395139573719209e+00 -1.068230829238891744e+01 -8.327312229980121216e+00 -3.419621374871995467e+00 -6.662337099512416927e+00 -4.148566524187723203e+00 -4.316810093820093286e+00 2.729511725787933774e+00 -1.435490211844444275e+01 -3.051811407009754618e-01 1.344671525689494107e+00 -2.990738391876220703e+00 -6.217415278663438905e+00 -6.848301785512708406e+00 -1.630994319915771040e+00
6.086049373247728767e+00 5.544645458780310676e+00 1.383100013732910227e+01 1.186289735273881796e+01 5.762497160169813171e+00 2.138996339506574529e+00 1.334043629964192590e+01 8.217831615544858082e+00 4.780938155375994647e+00 1.043732353175679961e+01 8.232669035593668028e+00 5.400667741356127927e+00 2.145990562438964844e+01 4.253794766202265265e+00 1.133149114209162178e+01 9.693237940470377012e+00
-1.194340161956957758e+01 -7.204101740352567340e+00 -1.294017639160156108e+01 -3.932670557498930464e+00 -1.126117454634772486e+01 -9.751517256100971309e+00 -9.451628923416137695e+00 -9.335745893791315808e+00 -9.220524562379488032e+00 -2.363804801056780924e+00 -7.582096576690673828e+00 -6.991391482302940830e+00 -1.134494686126708984e+01 -1.186541185208729132e+01 -6.286608230899755512e+00 -1.109425497055053711e+01
4.668706673294750864e+00 2.230204119477226410e+00 3.479710578918462360e-01 8.690859504179522688e+00 4.039646678500705690e+00 5.114987224340438843e+00 1.013280314703788321e-01 5.254654354974626962e+00 4.353853814590436855e+00 1.294879118104776339e+01 1.783642126868168809e+00 1.853002965450291750e+00 8.562248229980468750e+00 5.224289152086997845e+00 7.017514669139623962e+00 6.781980355580647490e+00
-6.746382784487584550e-01 -3.902267749911997097e+00 -1.664509600400924771e+00 2.822590771588405101e+00 -4.191275358200073242e+00 -4.523839324712751520e+00 -1.613899504144986619e+00 -3.194429606199240546e-01 -1.995054901219331711e+00 4.951505899429321289e+00 -5.525923341512679166e+00 -4.032574975346948420e+00 -1.256892871856689453e+01 -1.607997376091625519e+00 -3.537530697567337068e-01 -2.184670309225718476e+00
2.172566562250677634e+03 3.019750296368402360e+03 5.681240610089377697e+03 1.749831348003523772e+03 3.731832744322945473e+03 2.596951350434900633e+03 4.963400375222050570e+03 2.017349374264766766e+03 2.838596802013988054e+03 1.598251591203289536e+03 3.363545083969705502e+03 3.161002416707441625e+03 6.659892879268041725e+03 2.382317764434852506e+03 1.880131448898536291e+03 4.267228273897665531e+03
9.748134328358208645e-02 1.543808803763441484e-01 3.945312500000000000e-01 7.530184659090916055e-02 2.284613715277777901e-01 1.182861328125000000e-01 3.557942708333333703e-01 8.704223632812509159e-02 1.376014122596153910e-01 7.187906901041665741e-02 1.832682291666666574e-01 1.677334337349398741e-01 5.336914062500000000e-01 1.036451690051020391e-01 8.093089788732402146e-02 2.827148437500000000e-01
