-4.850678826098171044e+02 -2.576227626800537109e+02 -3.397554403165491976e+02 -2.356925157819475487e+02 -2.455112881130642677e+02 -2.830134743679775511e+02 -3.279483908517020154e+02 -2.386538236618041253e+02 -3.418145203671213039e+02 -2.471132382479580940e+02 -2.761617212710173703e+02 -2.694843552533317848e+02 -3.051984600830078307e+02 -2.348247704399955751e+02 -3.650115771574132282e+02 -2.548952871050153703e+02
9.832262982062574963e+01 3.458029303699717616e+00 8.206994591689692697e+01 -4.621528979710168983e+01 4.899930424160429254e+01 1.622804241394728706e+02 9.526933855329242817e+01 1.330559230804443018e+02 1.636972351074219034e+02 -4.848837523026901408e+01 2.491413883540937491e+01 -1.474792898402496633e+01 6.177624603271485171e+01 1.513225857204861882e+02 1.017253864512724135e+02 -3.114175524030429187e+00
1.814162288971666470e+01 3.492846816778181207e+00 5.257367984550753270e+00 3.142086805616105494e+01 1.840800854894849792e+01 1.240191876720846409e+01 1.950218047201630611e+00 -1.629053476825323088e+00 3.045841132180166966e+01 5.192014312744140625e+01 2.820846416639244580e+01 3.525230114600237386e+01 3.858486661911004312e+00 -3.721522505581345897e+00 9.725407644229775883e+00 2.018881886345999277e+01
1.774196640950328785e+01 3.475853112712502480e+01 1.901135059973088559e+01 2.721839741298130377e+01 3.346238181326124561e+01 6.931960304131647987e+00 2.663539276037895576e+01 1.793717430010438108e+01 2.305490707265118289e+01 2.267886838045987119e+01 4.302700235014374641e+01 2.705688577539780582e+01 2.869040613174438548e+01 9.435310544901408747e+00 2.456948749195125714e+01 3.249675171715873034e+01
1.984192574698969480e+01 1.359687656164169134e+01 1.023887703731292653e+01 -4.388744558606829216e+00 1.263002356555726813e+01 5.545990383691995262e+00 1.396882156644548267e+01 1.922825463414191560e+01 7.273712904776550303e+00 -1.784784251993336568e-01 1.152490723133086981e+01 7.557233221390667666e+00 1.398439156532287519e+01 5.810089157687290395e+00 1.942691269319723091e+01 9.678608911378042023e+00
8.999246983033311054e+00 7.784569174051284790e+00 7.566127406387799681e+00 2.261370781489781123e+01 5.873572667439779238e+00 -1.882389598348161552e+00 -8.351841824395034308e-02 -4.892820820724587350e+00 1.189207643775623158e+00 2.087567834420638135e+01 1.674148510849994764e+01 1.186157606279148879e+01 1.002048686027527147e+01 -2.970638838741510579e+00 2.983698048135814407e+00 9.230599573680333236e+00
1.036581268850363813e+01 3.008485019206999844e+00 5.807916878200161115e+00 -7.681177343641003574e-01 -4.924985342555575407e+00 -7.825061145793188011e+00 3.827708600248608484e+00 -1.501481253802774773e+01 -1.266278595995095291e+00 -7.117190100929953189e+00 -3.081765884938446387e+00 -6.632946421994882158e+00 2.967810804247852374e+00 -1.239386387732292150e+01 1.995205225313412711e+00 -2.509553875241960164e+00
9.062040350909503772e+00 7.279853403568266934e+00 3.001641321473004886e+00 1.807409363133566593e+00 2.792860372198951779e+00 -3.745040264022359011e-02 3.397001516818999978e+00 -1.653579378128052113e+00 3.412551903118519192e+00 7.949199096723035929e+00 3.340570898159690216e+00 9.475088996045727185e+00 2.842887506484985227e+00 -3.205108432637326921e+00 6.250509090283341784e+00 6.366269639560154125e+00
9.589994476651106936e-01 -1.211680309474468231e+01 -1.296256118431324111e+01 -9.518794843128748795e+00 -1.783152225944731128e+01 -2.218783765897321203e+01 -1.241788947837693868e+01 -2.658280685096979568e+01 -1.642180403006279121e+01 -8.145299608057197105e+00 -1.796371874601944896e+01 -9.188157018493205541e+00 -1.367057599067688045e+01 -2.559124724600051337e+01 -1.324396320739213273e+01 -1.466910774367196169e+01
7.895597672687394208e+00 5.839456677436826837e+00 7.595460880093456879e+00 9.900198033877781967e+00 1.939696230822138823e+00 -6.043211515699879577e+00 8.983357619387765780e+00 -9.875991737470039000e-01 -1.167496446431694146e+01 1.111804936148903522e+01 4.824884539065151579e+00 7.665566441767354355e+00 7.612048077583309258e+00 -5.151049870583743306e+00 4.552108981153542899e+00 8.802616068295067819e+00
3.920119946857673288e+00 -7.738871835172171920e-01 -4.692751819767599919e-01 -3.339966007641383072e+00 -6.161204348007837339e+00 -9.978887334800829123e+00 -1.690132871695926742e+00 -4.851455534249543788e+00 -9.874363971968820763e+00 -1.330647468566894087e+00 -6.412622169308040299e+00 -6.078820614253768184e-01 -3.517147970199578921e-01 -3.652932980325486412e+00 -1.246220493141342089e+00 -8.410388465438565220e-01
5.714104472466235762e+00 4.363297797739505768e+00 5.790448524603030833e+00 4.197405917303902889e+00 4.052084790335761966e+00 6.943463646294065761e-01 5.354466024466923990e+00 2.577292931824925137e+00 -3.080195291062529428e+00 1.992139350284229948e+00 -8.353921175003042876e-01 4.672104225439183800e+00 2.191032369434833704e+00 6.264762775765527536e+00 3.142608717960470255e+00 4.362668837819781764e+00
-1.658609824360540053e+00 -5.513232454657553738e+00 -4.494156507457173433e+00 -4.562689440590994572e+00 -1.250324920150968566e+01 -8.911999056848245004e+00 -5.310904540334429491e+00 -7.000925870053467115e+00 -1.102415884248280875e+01 -6.026482896371320841e+00 -9.769066937591716737e+00 -2.641663092024184145e+00 -5.028501278162001320e+00 -4.731436866521832485e+00 -4.822642787414437748e+00 -5.179478083338056038e+00
1.201508434234982133e+03 4.275014424278129809e+03 2.219048317656000563e+03 5.818685764897688387e+03 3.238236781452445030e+03 9.622014150858753965e+02 1.857880928950463840e+03 1.355987916850760485e+03 7.411361837466088218e+02 6.272256529964858601e+03 3.777815317349401539e+03 5.352808612518462724e+03 2.699046501978951710e+03 1.157850453522998578e+03 1.565120449339628749e+03 4.744135177819344790e+03
1.372715212264119522e-03 1.472167968749999722e-01 3.321503429878050473e-02 3.233816964285713969e-01 1.239963107638888395e-01 3.443754389044941661e-02 3.648158482142857539e-02 4.539794921875001110e-02 2.527476165254235324e-02 3.550692471590908839e-01 1.344259510869564855e-01 2.115981158088235115e-01 4.474609374999999334e-02 4.309895833333332593e-02 2.336569393382351145e-02 1.981724330357142738e-01
