-2.160643550872802621e+02 -2.388841124503843218e+02 -1.674139175415039062e+02 -1.486630004689662314e+02 -1.935234425862630019e+02 -2.260160176045185665e+02 -2.040301180752840935e+02 -1.750341023036411627e+02 -2.058023050242457543e+02 -2.119722076864803455e+02 -1.995744132995605469e+02 -4.812599875710226343e+02 -2.812223681281594736e+02 -2.229206245422363111e+02 -3.056651614876680014e+02 -2.419849087524414131e+02
7.965919895172119425e+01 1.507600253935783030e+02 -8.903699684143063564e+00 1.087274793793883561e+02 2.921824359893798828e+01 1.307716564487766675e+02 5.078226809068159753e+01 8.702742031642372922e+00 1.133278001807201889e+02 9.437020896462833264e+01 7.234537935256952323e+00 9.946388591419567149e+01 1.669814619176528083e+02 6.643949031829833984e+01 9.702767678194267376e+01 1.172599242146809928e+02
-2.231187743321062733e+00 -4.432308177794181070e+00 5.643060607910156534e+01 -3.314966333817835675e+01 3.789466465844048315e+01 -8.570542188109579129e+00 1.901203396103598919e+01 4.849798257010323965e+01 -1.890827284804706210e+01 -1.542303856769029125e+01 3.111887171268462993e+01 1.731050682067871094e+01 8.635454724816712613e+00 -1.327183420956136395e+00 -3.418641202671584445e+00 -7.651478568712872352e+00
3.131534521579741437e+01 2.772079447777040428e+01 2.145984764099121023e+01 -1.355893018596511013e+00 3.381700936953226488e+01 2.435094348764097560e+01 3.788493403521451341e+01 1.951263461794172116e+01 1.189683545149605592e+01 1.458108678898390131e+01 4.268226633071900267e+01 1.327638936313715590e+01 3.232347376206341494e+01 2.733172141313552572e+01 1.309639563116916605e+01 1.945183560828367675e+01
6.782193642854691618e+00 -1.240015421855835775e+01 -1.277811107635498011e+01 -1.033384807030611974e+01 1.297795560624866340e+00 -8.488911075769241421e+00 -2.195621021769263326e+00 -1.715589628900800179e+01 -1.206527633228504648e-01 4.908947376643912008e+00 -1.025129318237303355e+00 1.715931350534612676e+01 -4.266648830736382791e+00 3.398229444026949153e+00 4.561526636051579153e+00 -1.447835377752779262e+00
-4.639956652373072643e+00 -2.050822120520375336e+01 1.171978578567505025e+01 -5.242981392371500959e+00 8.940515889061822818e+00 -1.783522504970833467e+01 -1.812206745147702414e+00 1.038100450379507933e+01 -6.495205932650070402e+00 -2.384774792720291359e+00 1.227087898254394460e+01 1.804048429835925305e+01 -1.998864111479591799e+01 -1.772035831212997792e+00 2.940620110478503690e+00 -6.159517025351521902e+00
-8.565874560177327623e+00 5.871697123973599552e+00 -2.258177018165589356e+00 -8.052453596380694023e+00 -2.420929114023845141e+00 3.822300065208124487e+00 -5.431400244886225970e+00 -7.398784832629774932e+00 -6.955698751855171835e+00 -8.069834741599420269e+00 -1.066295111179351807e+01 1.680711022832175772e+00 9.079416422282946542e+00 -1.038585174083709717e+01 -4.103219328924668119e+00 4.758797248204538199e-01
-5.046636921167373835e+00 -1.083252616467015983e+00 -6.390470671653748269e+00 -9.385895848274236286e+00 -4.362704942623774507e+00 -2.355130275359023972e+00 -2.482095577500089689e-01 -5.951940072434289242e+00 -6.346154344150387594e+00 -6.607318374163964059e+00 -2.496679425239563876e+00 1.648563580079507318e-01 9.564286040909140141e-01 -6.041772961616524995e-01 -8.711402981087216446e+00 -4.534247027635575300e+00
-1.240419371798634529e+01 -2.095946319353195264e+01 -9.003795289993286488e+00 -1.343455301960812243e+01 -1.187864874468909449e+01 -2.273510688221133691e+01 -1.036800779537721162e+01 -8.137054869106837174e+00 -1.351116720081745726e+01 -1.051405397671110009e+01 -3.549730384349821577e+00 4.442459343509245429e+00 -1.621550320877748064e+01 -9.909334722906351089e+00 -1.481474901354584262e+00 -1.570718640724817305e+01
5.778087548911585714e-01 1.041234790317476344e+00 5.475400674343108953e+00 2.621315354410606258e+00 -2.367374579111735322e+00 3.269968834277745984e+00 -2.960635813799769700e+00 3.595060706138610840e-01 4.063299076995633641e+00 2.495663915486896922e+00 -4.371852707862852405e+00 4.370220035314559937e+00 4.110475059817821908e-01 2.233565127849578946e+00 5.139599388421970616e+00 4.122085870901744720e+00
-1.141511699855327677e+01 -1.330747105037012368e+01 -6.250024223327637074e+00 -4.599704434800461428e+00 -1.332622257868449012e+01 -1.331735875155474247e+01 -7.644045049493962907e+00 -1.396761676243373351e+01 -7.429949955351051294e+00 -8.747703439172576978e+00 -6.351552724838256836e+00 -5.550180473788213220e-01 -1.487875807285308838e+01 -7.837639772891998646e+00 -2.622327476046806716e+00 -8.558051339387894529e+00
-3.342388048022986169e+00 -8.059345696241624779e+00 1.657043576240538663e+00 -6.684684226784526118e+00 -2.267478280597263751e+00 -8.662882916629314423e+00 1.936628103256224698e+00 8.637337344033371167e-01 -7.438752949580379692e+00 -6.935140787678607310e+00 7.226592421531670141e-01 2.357225322587922278e+00 -3.871505204369040776e+00 -4.417404288053512929e+00 -3.646587934258373132e+00 -4.548579026659330893e+00
1.751954667270185340e+00 6.438302000684118731e+00 -3.715754485130309703e+00 -3.516187146494665683e+00 -2.666621009508768569e+00 4.925579562380499432e+00 1.270852045579390133e+00 -8.219801357814243703e-01 -1.529654739574457967e+00 -1.975987476022805556e+00 -4.435057222843169278e+00 -2.353285212408411375e-01 4.181033143225839410e+00 -9.758061230182647483e-01 -3.103265931439954883e+00 2.169878153006238097e+00
2.450110404089423355e+03 1.180823976572581842e+03 5.696183420748955541e+03 1.996432218646609499e+03 4.041118351650043223e+03 1.445963260479215251e+03 3.305507601813382280e+03 5.189808042842238137e+03 1.845913321235658259e+03 2.198680019959838774e+03 4.499263142630245966e+03 1.174542868243909652e+03 9.382239064452044204e+02 2.805269350816276528e+03 2.042107097194706284e+03 1.668498232811782145e+03
9.217529296875001665e-02 4.211819556451610463e-02 2.974609375000000222e-01 1.018406348892404722e-01 1.837022569444444753e-01 4.880832981418916500e-02 1.461736505681818232e-01 2.914341517857143016e-01 7.014412715517241714e-02 8.425005744485296322e-02 2.121582031249999722e-01 3.773082386363396656e-04 3.209731158088233866e-02 9.133300781250000555e-02 4.076580668604649904e-02 5.386718749999999667e-02
