-2.153516800183207920e+02 -2.160740306123774133e+02 -2.758338323419745848e+02 -1.924806515861959895e+02 -2.224754762649536133e+02 -2.258495174207185414e+02 -2.105486851436335769e+02 -2.193961322618567351e+02 -2.190901842531950479e+02 -2.157360639070209629e+02 -2.521422290358432292e+02 -2.046851294863540431e+02 -2.010681805977454246e+02 -2.071746629987443953e+02 -2.479681814829508255e+02 -2.026303954998651875e+02
8.054887239472202509e+01 9.500484613662102618e+00 5.821015325026079523e+01 1.300994033813477415e+02 -2.115385258197781582e+01 2.511493011524802199e+01 9.712853855040023632e+01 -1.410273824308224278e+01 6.573308640632076560e+01 -1.486509850150525835e-01 4.235496019762612718e+01 1.090448405848140965e+02 7.220844940038827531e+01 8.759150862693793727e+00 6.564932893117268975e+01 8.823858842849733719e+01
-1.183848560783041748e+01 3.060525951803996136e+01 2.467058143832468353e+00 -1.443822636779616886e+01 5.684445261955255546e+01 2.613170866903508305e+00 -1.763396835999523304e+01 4.615101453532337672e+01 -6.189029782578562511e+00 4.391833455939038089e+01 -1.444459846546482851e+00 -1.540832085762405512e+01 -1.373582327136628223e+01 1.538172430474133989e+01 3.225298825899761468e+00 -1.680106911187372987e+01
3.276314635887867155e+01 2.423489025044948519e+01 2.316875335086475829e+01 -9.501463893581892250e+00 7.683592690154910088e-01 4.093949144451241295e+01 1.873191368616208763e+01 9.966679820547932778e+00 3.314291564796282330e+01 1.661919672159772077e+01 3.663695348556651510e+01 7.983077170838296155e+00 3.290581260048426060e+01 4.247094521068391515e+01 2.571601095199584819e+01 2.825030548423528742e+01
8.673936772246388927e-01 -1.485731768988547863e+01 -2.586388344182203092e+00 -2.027508108440567725e+01 -5.598932184278964996e+00 -1.405640258496267236e+01 -2.123064745671859654e+00 -1.324631813913583045e+01 -7.969855030593662626e+00 -1.471297370603209487e+01 -8.088754888537318166e+00 -1.136795349669666955e+01 -6.928224438085003989e+00 -2.352469106302374513e+01 -4.204331660270684168e+00 -7.173009807864776377e-01
-8.350579189653160483e+00 2.051766697396623229e+01 8.739411302046338648e+00 -6.521875388657347727e+00 2.314217180013656616e+01 1.124106713841881522e+01 -5.287816263099271552e+00 2.571704872794773422e+01 -1.686907638242281848e+00 2.403876437638934860e+01 9.612958020249076085e+00 -6.087417818539968550e+00 -3.573692082785645319e+00 1.498145305932987270e+01 6.258676743010677335e+00 -9.015735986207923602e+00
-3.021584152173596749e+01 -2.622071383861785421e+01 -1.104076221476905317e+01 -2.564734522875617628e+01 -2.710341054201126099e+01 -1.869058073612681525e+01 -2.676345360497149173e+01 -2.572490107494851941e+01 -2.642127495917721092e+01 -2.608029877512078443e+01 -1.477890847034234767e+01 -2.670872060493030276e+01 -3.033169198494691443e+01 -2.205110281422024698e+01 -1.849525761306285787e+01 -3.221710240840915418e+01
2.059818714481441493e+00 6.018238541293651878e+00 4.499702150713310367e+00 -9.361441840844975104e+00 1.583118509314953926e+01 4.482779432807052267e+00 -2.911020227503463786e+00 1.257720390480497130e+01 6.099410356170883674e+00 9.143917300199204234e+00 6.196936760964083746e+00 -3.818552630104571577e+00 1.219613735205851590e+00 3.904688153948103313e+00 1.159333758304516460e+00 -1.487292816738293277e+00
-9.360728644022410450e+00 -3.935172287707632943e+00 -1.517908199808803538e+00 -8.016696595444399165e+00 -4.397309080697596961e+00 -3.944270793806042619e+00 -7.804590880143926768e+00 -1.180843531761482268e+00 -7.541971909827081433e+00 -2.846129942881434616e+00 -1.148692601641938538e+00 -9.029829200390159016e+00 -7.363424898483434511e+00 -5.481899051439193649e+00 -5.198043237129847505e+00 -7.921123597025871987e+00
-4.133221792573692710e+00 1.391835421957869023e+00 2.552963728525419640e+00 6.035197037107800533e+00 7.481867093592887707e-01 2.704271125688884059e+00 1.567327919677350412e+00 2.179546840812848441e+00 -3.180184915445856131e+00 1.174072591882002747e+00 1.379638208552848244e+00 2.592953090646623160e+00 -2.220091573213445635e+00 3.390190282747855388e+00 -1.290120368699234188e+00 -2.038360872492197995e+00
-3.297997487630663471e+00 -1.162492504462282250e+00 -5.310689180818469524e+00 -3.733185773036058031e+00 1.091704425401986089e+00 -4.602181545475072966e+00 -3.613996283491935912e+00 1.032032723660055051e+00 -1.950381861864655342e+00 2.730800529059616011e-01 -5.019619637450505323e+00 -1.898304532059524874e+00 -2.638946601118031587e+00 -3.360130434944515798e+00 -3.890223290026186831e+00 -4.527031987781325206e+00
-6.525549614880265636e+00 -6.142336169455914430e+00 -6.246232007037431089e-01 -1.184770511353713474e+00 -5.503589287400246555e+00 -4.568416387365575204e+00 -5.698371778719309333e+00 -6.386105875606123305e+00 -7.751289578451626028e+00 -5.678452700768647610e+00 -3.457468193977379478e+00 -4.230018916778860216e+00 -9.167811096144406591e+00 -6.263011557715280730e+00 -3.350189320494728396e+00 -6.602674260362983105e+00
-2.825009392840521105e+00 -3.226957425158074155e+00 -3.706179422275586166e+00 -6.478464264729437261e+00 1.567104915156958267e+00 -4.989158061512455333e-02 -4.109013999925881677e+00 -1.387607622081810099e-01 -4.215850202069765906e+00 -2.255387755993164767e+00 -1.847476377390151692e+00 -5.161958466984527760e+00 -3.138758481121979749e+00 3.928013820023856795e-02 -4.542466722925503575e+00 -3.275447932258247707e+00
2.285312326373139058e+03 4.883287618842199663e+03 3.327286832648315794e+03 1.466443303832215861e+03 6.252253204548433132e+03 4.032547295639118602e+03 1.910579811833170425e+03 5.794509827171654251e+03 2.794440859151894074e+03 5.388513107251095789e+03 3.655100957947872757e+03 1.719753295059425682e+03 2.511504728825806978e+03 4.479208551243777038e+03 3.042566373359289628e+03 2.093092247921279068e+03
1.058954831932774621e-01 3.426383809840427008e-01 1.997869318181818565e-01 7.544232536764719499e-02 5.208892822265626110e-01 2.738572505482457231e-01 8.251953125000016653e-02 4.460236922554349226e-01 1.481968976449275222e-01 3.833264802631580204e-01 2.543036882267443177e-01 7.792190956858421891e-02 1.244741586538462702e-01 3.240327380952382486e-01 1.721842447916666630e-01 1.011515299479168184e-01
