-3.068626775326936240e+02 -1.942010308199150757e+02 -2.236283686711238090e+02 -2.116698513390882681e+02 -2.506477532019981993e+02 -2.672165173617275968e+02 -1.948459659375642161e+02 -2.434877331073467417e+02 -1.805226864284939552e+02 -3.095236685616630439e+02 -2.691392052060081710e+02 -2.530569602118598027e+02 -2.003850294170957227e+02 -2.380125841140747127e+02 -2.384453917003813217e+02 -2.126280234200613961e+02
6.437168079873791271e+01 1.237224772253701133e+02 -1.247249407034655633e+01 8.492387433321971457e+01 3.401387493426983610e+01 7.377626653151079950e+01 1.382161517896149974e+02 1.858259803285966427e+01 1.098758088005913152e+02 6.998765687818652736e+01 4.989114743187315071e+01 4.297298855251737137e+01 9.698697962905423253e+01 7.687870912551881020e+01 3.018199500583435224e+00 -2.473321029118129388e+01
2.694183991007180978e+00 -2.145072894040928446e+01 2.532371139526367188e+01 -1.680418788374594996e+01 1.259026696131779310e+01 9.462665929035694035e-01 -1.364092644578532365e+01 1.416429576506981469e+01 -3.065052046908269290e+01 3.619281033416845261e+00 -1.626159125850316300e+00 5.896159013112384883e+00 -2.328772335973653185e+01 -7.720105637609959714e+00 2.309838390350341797e+01 3.782441820417131595e+01
7.389584687740902602e+00 -2.814287695773815656e+00 1.314361078922565262e+01 3.419099551326823416e+01 2.083880923344538871e+01 1.763296168094331406e+01 -1.144779169010488751e+01 2.075821302487299747e+01 2.015068019760976270e+00 9.160488333794974736e+00 1.423256614094688999e+01 1.789380490779876709e+01 2.111890812353654212e+01 3.503538039997219755e+01 1.506331526097797280e+01 8.384640455245971680e+00
-6.464319643766969214e-01 -1.864968590611645549e+00 -1.190270333106701628e+01 1.596154391371979564e+01 -8.367934206357366733e+00 1.005109199068764170e+00 -1.103687535461627434e+01 -9.933204073172353432e+00 2.340351914697223812e+00 -1.257286083388649001e-01 -2.424171278874078350e+00 -4.483020583788553282e+00 1.174557168194741763e+01 1.489183414131402650e+01 -1.550682992026920282e+01 -9.624632596969604492e+00
1.126717420246289691e+01 1.778300164224105195e+00 3.209525005634014860e+01 -1.674748380229152289e+00 2.109759169358473230e+01 8.059930904345078417e+00 -4.206275030186292341e+00 2.308994117149939385e+01 4.460729187726970579e+00 9.314347531404584046e+00 1.389312571570986421e+01 1.716127422120835888e+01 6.752758315115325871e-02 1.273827036470170704e+00 2.647599206651960557e+01 3.489466994149344004e+01
-7.982237604649162321e+00 -2.429004155203352866e+01 -3.257047110337477136e+01 -2.912381690853046479e+01 -1.820705542197594440e+01 -1.216963503035631255e+01 -2.212123230883949887e+01 -2.156557409579937357e+01 -3.003073461320663995e+01 -6.664825975894929755e+00 -1.321060215859185760e+01 -2.074129186736212915e+01 -3.218274288466481892e+01 -2.272556635588407659e+01 -2.340023322332472944e+01 -3.271549660818917715e+01
6.317688305092896250e+00 2.579825510119255760e-01 1.761390223869910088e+01 3.490651032834682255e+00 9.775101120655353526e+00 7.682386115870691867e+00 4.766274055368038276e-01 1.423380334560687999e+01 -3.216072760025665112e+00 6.041529266816839439e+00 1.119445395469665527e+01 1.278347632620069518e+01 -1.484498891866571135e+00 6.885657757520677436e+00 1.559691179366338254e+01 2.304559489658900873e+01
-1.116035730942428472e+00 -1.406634853572345634e+01 -7.685356598633986458e+00 -1.321350016234055680e+01 -1.296335521111121558e+01 -8.769999861717225897e+00 -1.231811394189533715e+01 -1.520143806017362387e+01 -1.312634043097495251e+01 -2.655345731741345361e-01 -5.227298180262248906e+00 -9.221439507272508607e+00 -1.085951526869427397e+01 -1.010909995660185956e+01 -1.030298985753740659e+01 -8.115425927298408837e+00
5.062281526625156403e+00 1.085111038975939302e+00 1.722990743930523294e+01 5.354201827409150738e-01 1.227523671663724514e+01 4.245555460453033447e+00 -1.514316419237536238e+00 1.785430448788862989e+01 6.470083522796631570e+00 6.430246967773935118e+00 4.497703467096600960e+00 1.010702915986379224e+01 2.754068467878935778e+00 7.609943225979964865e-02 1.629215754213787548e+01 1.399859169551304561e+01
-5.612632515637771213e+00 -1.085299068065583405e+00 -1.501746052962082878e+01 -1.144254309276365333e+01 -1.048240546079782121e+01 -5.944975403899496413e+00 -6.785000314838007363e+00 -1.027931184952075583e+01 9.347343683242828050e-01 -4.592000748429977186e+00 -4.848652923390979197e+00 -4.103558315171135007e+00 -7.219595600258218226e+00 -1.290696302056313094e+01 -1.412808931441534099e+01 -8.868322440556116959e+00
1.788694849480752191e+00 7.193428860847342676e+00 4.814580791271650284e+00 -2.756953779256567927e+00 2.668746635317802429e+00 1.837305553934791336e+00 5.757424399256703573e+00 2.295238513212937814e+00 6.284233886334627428e+00 2.729698757266069808e+00 1.045358681253024891e+00 2.984232819742627107e+00 2.454205130085800768e+00 -1.983095847070220685e+00 5.623005077952431208e+00 3.043555217129843449e+00
-6.372876947340760267e+00 4.214413053074546056e+00 -5.682711986395030834e+00 -1.099519167306288070e+00 -3.422062076055086166e+00 -2.794176776978102517e+00 6.689123120747112239e+00 -2.414938844740390333e+00 -1.259472849633959779e+00 -5.686748373044004268e+00 -3.599493622779847080e+00 -1.790410968992444785e+00 -8.208065945090687876e-01 -2.387049105763435541e+00 -5.897035541988556062e+00 -6.998088325772966911e+00
3.373749796593656356e+03 1.635956248260139773e+03 5.738820664920692252e+03 2.267055412113065358e+03 4.286388208865611887e+03 2.853256444654203733e+03 1.403233993057646330e+03 4.799693938360738684e+03 1.844626885041715468e+03 3.163242699346925747e+03 3.675899486462168170e+03 3.965231626542168669e+03 2.042713386192012422e+03 2.491694642696622395e+03 5.370395795034053663e+03 6.098276680610490985e+03
2.058848505434782428e-01 7.033521075581407322e-02 4.829852764423077094e-01 1.111070165094339701e-01 2.868088942307691624e-01 1.493030894886363535e-01 6.657329358552635523e-02 3.529146634615384359e-01 8.589952256944453912e-02 1.727247362012986898e-01 2.348400297619047117e-01 2.511121961805555247e-01 1.008892637310606355e-01 1.212158203124999722e-01 4.272228422619048227e-01 4.983956473214286031e-01
