-2.260724635245234140e+02 -1.987863931963520656e+02 -2.043899189540318844e+02 -3.044420616843483458e+02 -2.363242276652475482e+02 -2.006007066206498735e+02 -2.502316194793881721e+02 -4.556436410299164663e+02 -2.151088096618652230e+02 -2.512235530308314821e+02 -1.984734818864578756e+02 -2.181451727973090442e+02 -4.652852418687611475e+02 -4.068425792347303513e+02 -2.468108337402343864e+02 -2.132398125784737886e+02
1.414070265329429219e+02 2.919086184040196486e+01 7.783716261727472840e+01 1.706723455949263553e+02 1.105705884440561420e+02 -6.270755876194343159e+00 1.600806021154280074e+02 8.427336799807667944e+01 1.668253158032925398e+00 1.255311235918317578e+02 9.177451158278063303e+01 4.545617523193362786e+01 9.870084476470947266e+01 1.399566420352820160e+02 -3.529381408691402555e+01 5.983797742882557458e+01
-7.499489805541065834e+01 -3.259327361396243816e+01 -3.743790313686643145e+01 -4.953922730792653084e+01 -5.875679926925830898e+01 -6.376469005237929366e+00 -7.000606653376439681e+01 4.820383605070269084e+00 -1.430273106396197846e+01 -6.629266495159689043e+01 -4.345317968932709363e+01 -3.696457989745670147e+01 1.028642367654382639e+01 5.080681862930511272e+00 -7.700166702270649921e-02 -2.244237529744906823e+01
1.433007385710324044e+01 3.732153107177826001e+01 4.441133356775559093e+01 -2.165742883899017812e+00 4.396379410818724409e+01 3.699892711639405007e+01 5.463850448293776196e+00 2.621107400772048024e+01 5.797372436523437500e+01 2.717375711781637904e+01 4.392481191795654638e+01 3.714203783273696757e+01 2.345965392390887061e+01 1.929086058699722983e+01 2.834897766113281392e+01 4.779970288763243502e+01
1.125827118103877389e+01 9.042058329428392938e+00 3.708009563173558121e+00 1.358627794981003944e+01 2.056958852557653472e+01 4.528109604662112986e+00 1.273002806782016449e+01 3.373341228903792910e+01 1.147956500649451961e+01 2.156154334494045344e+01 7.015445997219266872e+00 7.008845199479001309e+00 3.083241150776544259e+01 2.153542152859948899e+01 6.182628405094146018e+00 1.005456792152657641e+01
-5.127902273599246108e+00 2.676379591418851334e+01 5.689198024570932155e+00 -1.181277150430459599e+01 -5.548249625088129022e+00 3.239748633991587212e+01 -1.170999328695102726e+01 1.931699268919668100e+01 2.515278224349020775e+01 -4.922626406294951629e+00 2.967521580139004023e+00 2.814594802856447586e+01 1.343978626694944545e+01 4.478190044449130269e+00 3.653390502929687500e+01 1.497757483821135693e+01
-7.205790958050533490e+00 5.850862833761398818e+00 3.164908530030928535e+00 3.435736363584338537e-01 -1.769326205752540071e+00 5.259630246595898839e-01 -5.553841751002689620e+00 9.246269609143109136e+00 2.227729457616805409e+00 -8.389108690619451636e+00 1.070838762391906673e+00 6.380601278940826404e+00 5.509383088184719668e+00 3.418775706580188700e+00 -5.641254711151123757e+00 2.529793729587475060e+00
7.148083638154002273e+00 5.659096638041154037e+00 -2.298754856841901173e+00 1.567619383145462564e+01 7.513691656375195649e+00 1.476341767744584388e+01 1.010773346586339727e+01 1.910154936589847097e+01 9.089486962556838634e+00 1.053814424787248427e+01 -4.121690251449543041e+00 4.314445393615293334e+00 1.898569763369031094e+01 1.633886621756986557e+01 2.076747360229492045e+01 7.633417516338525388e-01
-1.266537814576008891e+01 7.863997613230063521e+00 -4.669748144490348807e-01 -1.453026717467742834e+01 -6.856330751033317128e+00 8.114510482007801784e+00 -1.495054083233752706e+01 7.789452794121524803e+00 7.853300905227657225e+00 -7.493343313932420813e+00 -4.041574370447955644e+00 8.908994309438602599e+00 6.747453841070326419e+00 1.990818220557595275e+00 7.875950914621352439e+00 2.112445038800341734e+00
2.020138806195403980e-01 6.376904724105709299e+00 9.211164074284683423e+00 -5.724261137131936295e+00 7.149459195605817996e+00 9.712118961594319089e+00 -1.849853650969860208e+00 9.710095141719023104e+00 7.725494268536566622e+00 1.484672350202287827e+00 1.233436638529939877e+01 5.717707000838384346e+00 9.078763886458341759e+00 2.077299604361706020e+00 4.955122488737107034e+00 3.047905388535284477e+00
7.285270320809435596e+00 6.693507488696806007e+00 -6.085991497550686802e+00 4.927962530201129177e+00 -5.999298001942965364e-01 7.277155941182916976e+00 5.818411105615505008e+00 7.945911961357767339e+00 3.032009175419807523e+00 5.296033976418628164e+00 -5.219104318630586548e+00 8.157951409949191657e+00 8.244613272448381380e+00 3.218703954508809417e+00 1.282309699058532715e+01 -2.448279770053159776e+00
6.312443708159444000e+00 7.460036277770994317e+00 3.189749980398588480e+00 4.820912214842715926e+00 5.169261236539050230e+00 7.975922020998868156e+00 5.478943471019794842e+00 1.239992986946570497e+01 8.509923502802836381e-01 5.931398101704458803e+00 3.693275713020621076e+00 7.058462298578686678e+00 1.077574519564708311e+01 1.117291883221178139e+01 9.734618186950683594e+00 7.638629317967886578e-01
-9.555530612390070733e-01 7.825366513863684759e+00 2.223819581099917286e+00 -1.769111719456588405e+00 3.397085032771141044e+00 3.093178900805386711e+00 -1.418075918093238075e+00 4.085270413538302670e+00 7.222583606839179104e+00 -3.847930221046735877e-01 3.693167921487645167e+00 9.656740673383074736e+00 -4.094665276093640838e-01 2.306647792910074823e-01 1.087715148925780806e+00 5.555005041920407116e+00
1.545077967614187628e+03 3.259585903722708281e+03 2.288686614100753104e+03 1.184529653437468824e+03 1.874875621824663540e+03 4.403385077490725962e+03 1.392686452216745238e+03 1.449013014483310599e+03 3.814051372267874740e+03 1.696074310819317589e+03 2.076058534266084280e+03 2.909497681327780811e+03 1.226942065160053517e+03 9.448916252781207277e+02 5.160138399602595200e+03 2.551375569277426166e+03
9.081535532994923499e-02 1.840347782258063836e-01 1.101492745535713885e-01 5.854936079545447480e-02 1.019410551264044312e-01 2.822709517045454142e-01 7.856994267751474248e-02 8.473466082316985504e-03 2.099609374999999445e-01 9.863839285714283422e-02 9.861347462871285219e-02 1.498372395833332815e-01 9.894476996527692969e-03 2.585671164772718883e-02 3.659179687499999889e-01 1.190808354591836454e-01
