-4.081014979435846612e+02 -2.755720682779947879e+02 -2.440735853241711197e+02 -1.970242936827921483e+02 -2.243316321994946634e+02 -2.101613622227790756e+02 -2.559959186372302895e+02 -2.329711956833347699e+02 -4.894002487747759460e+02 -3.183648836377640237e+02 -2.052383535905316876e+02 -2.312734394073486328e+02 -4.566608938443460488e+02 -2.445291190979972669e+02 -2.503110272044866349e+02 -4.830654303972111165e+02
1.528054689260629857e+02 4.906498344739280526e+01 -3.336993397154459728e+01 8.904133510589602452e+01 1.709391630214227575e+00 1.130235010122322024e+02 -6.262208457220178559e+01 2.278221890510938152e+01 7.273937917638707518e+01 1.427032499716315215e+02 6.814477646567605973e+01 -1.516791822016236324e+01 1.075492148965092269e+02 4.243475561482568281e+01 1.337454027525134279e+02 8.624949601639147545e+01
4.338027099462658498e+01 -2.008449861738417042e+01 2.363600556443383027e+01 -3.520719287425947641e+01 -7.307993873305935750e-01 -3.397082946710769136e+01 2.835283361339858743e+01 -1.006778581846844034e+01 1.088153224190078205e+01 5.216426539589004818e+00 -3.475503331910473293e+01 1.410709211416542530e+01 1.790549466973649473e+01 -4.986721165596492256e+00 -2.248323269964937765e+01 1.658849945803023118e+01
4.190059064901792141e+01 5.827996208270393197e+01 4.886086984960044077e+01 3.777653581378135783e+01 5.679788216300633508e+01 3.363939063296176357e+01 3.914552316211518956e+01 5.033875712481413700e+01 3.166326256151552343e+01 3.290697569998217631e+01 5.348664640025661043e+01 5.208429056406021118e+01 2.729768846499720425e+01 4.840159628315577578e+01 2.940500742952591295e+01 2.726543552376504920e+01
2.654676189789405427e+01 1.071921747922896984e+01 6.529604170380568284e+00 -2.434639485214266763e+00 1.547549725097158202e+01 2.703088657035480846e+00 -4.141211012999237440e-01 1.091127735647287977e+01 1.731462513075934950e+01 1.300001817521914660e+01 -2.726135293462028208e+00 1.338387336581945064e+01 1.873344610505185415e+01 1.175209228008512241e+01 8.977398095836095493e-01 1.943768862790839691e+01
1.449226610477154509e+01 4.883904188209115205e+00 2.703187673847850547e+01 -1.069378590380498650e-01 1.530054118063139512e+01 -1.000032596514799366e-02 3.069254346120925803e+01 1.253981973196973243e+01 7.887618174155551998e+00 5.085114028672097497e+00 -3.851815294135647605e-01 2.420176057517529244e+01 8.928755115654512409e+00 1.225195992939056922e+01 -1.397055259892628243e+00 1.114679246170576832e+01
8.382827534125395275e+00 -7.914585950308374862e+00 4.875238094751418672e+00 -1.381523648124527526e+01 5.975819055152253867e-02 -1.416219135460916689e+01 5.804123555620437358e-01 -2.630517215439772905e+00 3.818158967903363177e+00 -6.478567028549355733e+00 -1.607554159760474022e+01 5.786777390632773077e+00 5.266581024564176872e+00 -5.179371963417719549e+00 -9.359694641031014228e+00 3.848175018332716135e+00
1.388018389390065011e+01 4.087541910012562063e+00 6.472814519957797330e+00 -3.910670152018692836e+00 5.863282538788475051e+00 -5.047099538179709910e+00 5.717566578161147106e+00 7.073459235556200042e+00 1.915412928439953788e+01 5.544410676183842313e+00 -9.721099498597145505e-01 7.653215570375323296e+00 1.304744222305589219e+01 6.023473596762102922e+00 -9.435070211618601377e-02 1.450479057223297374e+01
-9.090995983435544714e-01 5.157715198066519235e-01 5.616504793032641274e+00 -3.948100483214318945e+00 1.495388777359673238e+00 -6.248342487638511855e+00 1.343781332742599410e+01 -5.884944697221106136e-01 6.253791801355495394e+00 -8.341585388275924995e-01 -2.671179909055881652e+00 2.616964388638736150e+00 9.708022427255840192e-01 -1.132063007543956612e+00 -7.652462703975990266e+00 4.900114184202147172e+00
-3.574634870084432592e+00 -4.733422355519398828e+00 3.266163724951628211e+00 -3.054885665462775624e+00 9.311157442305399989e-01 -4.138988493969932847e+00 5.423156812077481348e+00 4.916058028286161452e+00 5.107230826660448031e+00 -9.588522694480236197e+00 -7.969000156901090648e+00 6.393511039204895496e+00 1.430059665340488451e+00 -8.970306667070540030e-01 -7.413666094692644926e+00 7.868106632731693750e+00
1.195051294106703743e+00 7.937902949584855428e+00 8.503988098807450768e+00 4.581814576956352525e+00 7.572893510694088448e+00 7.321667420012614613e+00 1.089199784823826533e+01 8.506410247900268118e+00 7.739603243492266138e+00 4.534536587730263690e+00 5.553696224906226497e+00 8.600254427641630173e+00 3.050432539592363046e+00 8.992825555896002854e+00 7.350626510213800202e+00 6.861227875878644689e+00
1.331523528465859973e+00 -1.907893652054999167e+00 -1.916539450607649187e+00 -3.822961842471899185e+00 -1.867579274851343341e+00 -3.539774636040512235e+00 6.502671809423568039e-01 -2.738013028195410037e+00 8.809072713057204851e+00 -3.598366929611686693e+00 -6.231246844204984647e+00 -3.615147136151789731e+00 3.927755206318228609e+00 -2.776264090386647787e+00 -1.714569486362830464e+00 8.091509885566184224e+00
-4.986003692333515147e+00 -5.750735215677151402e+00 1.999148421171236922e+00 -3.952759622426873065e+00 -2.375396400042203204e+00 -2.417016550285734588e+00 2.187038432629340168e+00 -1.379043558781798406e+00 2.945169389247899172e+00 -7.664034296299364613e+00 -5.813460285555228424e+00 -8.198094554245478616e-01 4.972701911198922353e-01 -3.025527278582255786e+00 -3.226337899624462935e+00 2.730877441029221142e+00
5.680271514623746043e+02 2.702420681965082622e+03 5.163440645830648464e+03 2.011603651232094080e+03 3.994861791396736407e+03 1.737196167992310166e+03 5.802449497365827483e+03 3.571131808811776864e+03 2.355941964613402433e+03 1.037586546638394566e+03 2.312172591236929293e+03 4.568860022156526611e+03 1.614173594180605050e+03 3.112496564390182812e+03 1.422485353557105555e+03 1.996727567620056561e+03
1.763446514423075429e-02 1.119520399305555525e-01 3.137862042682927344e-01 8.073009144176133967e-02 1.955672554347825665e-01 6.799792004870131024e-02 4.628557477678569287e-01 2.015343868371212710e-01 4.985894097222218907e-02 3.696495378521126585e-02 9.918767755681819065e-02 1.984252929687500000e-01 4.329978813559315354e-02 1.408032614087301737e-01 5.690883582746485841e-02 4.319585755813949712e-02
