-2.406864197342484601e+02 -2.041504667693493786e+02 -1.778263272205030603e+02 -2.208605998869865061e+02 -2.209099502563476562e+02 -2.192568658507696568e+02 -2.135727314419216611e+02 -2.566364564594468902e+02 -1.751093339591191125e+02 -2.132315345764160099e+02 -1.808656093373018052e+02 -2.160668797443822484e+02 -2.303090894034739620e+02 -1.809957708631242497e+02 -2.568826626090115042e+02 -2.048332901000976562e+02
7.769534601988615918e+01 9.868961222031536806e+01 1.122099147934511194e+02 5.882702858217299990e+01 3.288615417480468750e+01 8.730455651613743839e+01 4.576461050245496409e+01 7.087339365105876254e+01 1.274595494763604506e+02 3.783754873275758257e+01 1.180293828178854341e+02 9.349500188139296597e+01 8.209796296880486466e+01 1.068862440018426554e+02 7.438197000193038377e+01 3.680186208089192235e+01
-3.471587092788129780e+01 -4.376339204638611591e+01 -5.393603515624998579e+01 -4.218193712542133511e+01 -1.042507052421569824e+01 -4.117285061826799364e+01 -4.024480303128559910e+01 -3.228152447750692744e+01 -4.631022512501683508e+01 -2.995205495357512504e+01 -4.797585756638470400e+01 -3.894811294988258510e+01 -3.754806632138369338e+01 -5.544957349413915892e+01 -3.151627097018928225e+01 -1.087052173912524822e+01
1.880030772421095620e+01 1.782517962128508060e+01 9.072121567754862781e+00 3.244199746654880556e+01 6.611625909805297852e+00 2.337468182332445821e+01 3.739274395836724807e+01 1.140878243195384911e+01 7.958222442659810270e-01 2.747105674743652770e+01 8.391690515858282851e+00 1.702973954702160952e+01 2.204590652397509132e+01 1.285591719973654889e+01 1.103994606996693051e+01 1.403272891044616699e+01
1.814874344401898654e+00 -3.974895639454600893e-01 -8.769873312797887621e+00 -7.795250413879270646e+00 5.976594686508178711e-01 1.746085752354992859e+00 -1.077332800626754583e+01 2.296595955758418128e-02 -1.751530389128060250e+01 -1.052849395871162663e+01 -9.683669377775746767e+00 1.646016104934147073e-01 1.293369138173841471e+00 -5.097740240749857321e+00 1.195343946163054838e+00 -5.283996701240539551e+00
3.504768090012166937e+00 -1.447965361265575979e+01 -2.145913355249955501e+01 5.922836334474705922e-01 1.184917020797729492e+01 -1.027939565251074328e+01 2.053861642877265581e+00 1.234778267168688970e+01 -2.428043922473644756e+01 9.797293233871464224e+00 -2.221794326866373837e+01 -8.019563213758855724e+00 -4.693121103255938564e+00 -1.932177650396313595e+01 1.124930057442469078e+01 1.238110462824503522e+01
-1.098960141230512733e+01 -2.770859970765954472e+01 -2.862812100835591522e+01 -5.912213275028813442e+00 -1.178293943405151367e+01 -2.128568980009249856e+01 -6.479044366214019135e+00 -6.284307487701140005e+00 -2.612781254998569835e+01 -1.123704541921615530e+01 -3.001622108852161119e+01 -2.620107603564703069e+01 -1.717182520802101564e+01 -3.030603143147057921e+01 -6.923606240056308536e+00 -1.631828959782918176e+01
-3.335421829036033792e-01 -5.993285705645885031e+00 -8.776764515652720533e+00 -1.956517129175159297e-01 8.025710344314575195e+00 -3.571485359479889432e+00 1.326608229842447084e+00 1.554358087244807063e+00 -1.039450806995918519e+01 1.966391683369873800e+00 -1.020173629592447284e+01 -7.494874711810933121e+00 -2.663774691940695050e+00 -1.028880805912471708e+01 1.917172395697880116e+00 -2.407740831375121626e+00
-4.334199444011406221e+00 -7.698658302389816299e+00 -1.047156931729200835e+01 -6.171942437848739971e+00 -1.161382389068603516e+01 -7.186475132361499263e+00 -1.055303905407587806e+01 2.420992766948136143e+00 -1.952354695057045930e+01 -6.436096627265214920e+00 -1.376520280277027553e+01 -5.104717496744137328e+00 -4.792722681600056767e+00 -8.650177192475114296e+00 1.791614417142659121e+00 -1.194891146818796912e+01
9.869638811107050991e-01 -3.745047407845651932e+00 -1.681480780962006261e+00 6.311863045538623318e+00 1.191489982604980469e+01 -3.410523610539950567e+00 8.502581119537349963e+00 6.164907571673379216e+00 -9.579483147325186465e+00 8.330009627342224832e+00 -5.638880836613028968e+00 -2.189565186033543664e+00 -1.034224487255133162e+00 -3.565061738093671106e-01 4.971060237496390144e+00 7.743200302124024326e+00
-1.123896088865068243e+01 -1.298241258485644245e+01 -8.770923211632004168e+00 -1.104283127092546124e+01 -1.914053058624267578e+01 -1.248863657630315949e+01 -1.493747239642672753e+01 -9.840366515360377875e+00 -1.454786213513078330e+01 -1.488531097173690654e+01 -1.161562589512151789e+01 -1.251747585848434596e+01 -1.284814484668581436e+01 -1.072941183014994593e+01 -1.042689143779665706e+01 -1.870941162109375000e+01
6.036701953521482977e+00 7.517712900086361394e+00 9.451387054948918731e+00 6.439887742842398843e+00 1.103600311279296875e+01 8.266097486351091206e+00 6.190573061505952879e+00 6.232346870397263316e+00 6.212560635188530078e+00 8.761233282089232688e+00 7.208162283853574159e+00 8.685879537739705114e+00 7.501967172944143947e+00 8.404235137715227566e+00 5.926075322406231471e+00 1.419354216257731061e+01
-3.248959325754113614e+00 -2.522440811290462825e-01 1.670112490653992143e+00 -2.769277671171772148e+00 -1.380375719070434570e+01 -2.167650230450204329e+00 -2.654505105482206417e+00 -4.537633282808875457e+00 5.228591343966027871e+00 -5.596696394681930364e+00 1.533669213161751088e+00 -1.027987375240964951e+00 -1.369279199101951061e+00 1.099747430000986625e+00 -3.733414065456662101e+00 -1.158212749163309674e+01
2.640676896144763305e+03 2.008777182349301029e+03 1.686021655433773958e+03 3.022553050741086736e+03 4.717910714379490855e+03 2.353387728721864733e+03 3.316031435168044482e+03 2.879233404716650512e+03 1.286968883520671170e+03 3.682264772457427171e+03 1.512634253052527129e+03 2.188546577070657349e+03 2.499071444091318426e+03 1.836731282484934127e+03 2.777447847523771088e+03 4.154767545255512232e+03
1.635470920138889228e-01 1.051719515931371918e-01 8.854951054216859962e-02 2.156313004032257563e-01 4.365234375000000000e-01 1.417369275990098820e-01 2.418619791666666297e-01 1.849660773026314819e-01 6.416689116379312163e-02 2.775878906250000000e-01 7.286879595588227621e-02 1.211642235824742231e-01 1.524644487359550493e-01 9.455217633928564291e-02 1.750772165697673521e-01 3.096516927083333148e-01
