-1.730659536060533412e+02 -1.667121711730956974e+02 -1.623610398077196066e+02 -2.258588860648019079e+02 -1.563932226896285442e+02 -1.657895870208740234e+02 -2.075077705383300781e+02 -2.543297467115448001e+02 -3.034782900129044947e+02 -2.683196163177490803e+02 -1.768385389645894463e+02 -1.653976530187270555e+02 -1.937521311442056913e+02 -3.804537168230328916e+02 -2.076297607421875000e+02 -3.572247324625651572e+02
1.099958164817408459e+02 1.461776129007337488e+01 5.294229212114885996e+01 1.595323437282017096e+02 9.190823233127592573e+01 -8.572488307952895070e+00 -4.785225868225097656e+01 1.211430684531607085e+02 1.539185307366507232e+02 1.053945638338724677e+02 7.613246377309161517e+01 3.360266634997198310e+01 1.412077442914589938e+02 1.167169510977608837e+02 -4.999713897705078125e-01 1.533886810302734318e+02
-4.550454494474750078e+01 -3.150275421142573862e+00 -2.583851490962888775e+01 -5.752319456509179929e+01 -4.932552890479563246e+01 -4.361177682876586914e+00 4.710248947143554688e+00 -4.787450145221335873e+01 -2.613358908465927755e+01 -4.980438437312839284e+01 -4.505833883831898135e+01 -5.867428597281943325e+00 -6.378948666309493376e+01 -2.071907906766447383e+01 6.661064529418945312e+01 1.223229507605246624e+00
4.242553385307912350e+01 3.539233903884887411e+01 3.703872499158305232e+01 2.878865975822720102e+01 3.770558255817741156e+01 3.621465814113616943e+01 5.283369350433349609e+01 4.172754010921570256e+01 2.782698580329970994e+01 5.033880172173181222e+01 4.636597137649853551e+01 4.539170178245095855e+01 2.551360394762848927e+01 3.269064351490565912e+01 1.506979131698608398e+01 3.074579288164774482e+01
9.600912996420731815e+00 1.693725010752675786e+00 3.341610354761920476e+00 1.448878128102847107e+01 2.048068780452007687e+00 6.723020672798156738e+00 -5.188371658325195312e+00 1.821247904874929091e+01 2.307045791404587476e+01 2.953075861247876688e+01 1.126544520258902971e+01 5.082524366238533986e+00 3.688171788193708167e+00 3.533289703301021234e+01 -7.354450225830078125e-02 2.444502302805582161e+01
-1.268382799625397084e+01 2.392793933153152608e+01 5.098986998681107607e+00 -2.045577576501029426e+01 -7.172986712772400075e+00 2.186968564987182617e+01 4.275030612945556641e+01 -1.805636979094366978e+01 -1.199255692745958157e+01 -1.771944299340247042e+01 -7.197336672494813570e+00 8.191100793726304730e+00 -1.522855562057302947e+01 -5.852794304490090305e+00 3.417526245117185724e+00 -4.233300717671713898e+00
-9.262694674887155699e+00 -4.524470162391663663e+00 -2.724776256468989022e+00 -1.286431006363460128e+01 -6.084470881149173671e+00 4.425204187631606167e+00 -6.027753591537475586e+00 -4.157080641970402723e+00 -1.039878206593650489e+00 5.682028830050533941e-03 1.254338640719651288e+00 2.576421176686005232e+00 -9.565975589485004704e+00 3.347529543297629750e+00 -8.313423126935958862e+00 5.511844197909035792e+00
5.743580533485665995e+00 9.934252870082854514e+00 4.499909566294759244e+00 1.205940641994987317e+01 3.623152507469061590e+00 3.276310130953788757e+00 1.036939978599548340e+01 2.197934903458853739e+01 1.785906799829431080e+01 2.022170942400891747e+01 5.870267077038682224e+00 8.129520177841188300e+00 1.248982332218652047e+01 2.601753334488186908e+01 2.287475490570068359e+01 1.837975502014160512e+01
-5.523407450632045190e+00 1.314819467067718861e+01 1.492640120367852319e+00 -7.847207214151106669e+00 -5.591019636951386929e+00 1.061885346472263336e+01 1.781561160087585449e+01 -6.385460924084592094e+00 -7.690018432480949073e+00 -5.605232061818242961e+00 -6.274680427896479173e+00 3.711208897478445401e+00 -5.362174924077660165e+00 -3.237386482102530216e+00 8.206704318523406982e+00 -1.028972415924072337e+01
3.598845914006235880e+00 1.087557220458984286e+00 3.117299692284678070e+00 2.059242644480298257e+00 7.340655524283650202e+00 5.886878460645675659e+00 1.044791221618652344e+01 2.902133271098138678e+00 2.344531613801237313e-01 5.250290797402463738e+00 6.704478137195112986e+00 3.954183951896779625e+00 5.682012521672525907e+00 6.898605687277659548e+00 6.737371087074279785e+00 -2.106841095288592314e+00
-1.499805254371545882e+00 3.032005208730697898e+00 -2.344099681223587250e+00 4.099336594343185425e+00 -3.612230679951608625e+00 -3.897618651390071243e-01 1.787128396332263947e+00 7.689571821834981336e+00 7.113761534648272988e-01 5.135156016796830869e+00 -3.402671108643211983e+00 5.923863018260222546e-02 3.498930637821045853e+00 1.309661400318145930e+01 3.925220847129821777e+00 3.841148364543913729e+00
-2.827334692211528555e+00 1.379329365491867243e+00 -3.117685940957838575e+00 -4.988468719805985607e+00 -2.972662779968229252e+00 3.518113823607563528e+00 4.980582803487777710e+00 -9.928327955123832371e-01 -2.279514878988266435e+00 -2.746120112016795733e+00 -9.158655939002835478e-01 -2.198794575298533172e+00 -4.967087858709790638e+00 3.787987849542075569e+00 5.146097511053085327e+00 2.789818084239958917e+00
7.105260524702693425e-01 2.559764295816422397e+00 2.027608554209432867e+00 -8.092070894581933072e-01 1.465869011590257731e+00 6.819581389427189499e-01 3.946923613548278809e+00 3.031297300646995652e-02 1.186118264283453350e+00 5.049789064874255828e+00 3.005607239902019501e+00 -1.514692685183356868e+00 -4.985325942779421649e-01 2.029693474727018554e+00 -3.751625537872313565e+00 3.184378250439962255e+00
1.856854534306348114e+03 3.996834585935182986e+03 2.761961983287822932e+03 1.359165692068381304e+03 2.149852389252656394e+03 4.483068094880174613e+03 5.003768709332080107e+03 1.694541547991422476e+03 1.127021254033780679e+03 2.003233617851346253e+03 2.405183903010502945e+03 3.405590091325962931e+03 1.552012801270693217e+03 1.373801757052687208e+03 5.836984564775681065e+03 8.900661005668857797e+02
9.381424753289473173e-02 1.954589843750000056e-01 1.329070060483870663e-01 6.835239955357141906e-02 1.133575439453124861e-01 2.720947265625000000e-01 3.647460937500000000e-01 7.447479992378047697e-02 4.243687220982148706e-02 9.929402669270832871e-02 1.319885253906250000e-01 1.875574448529411797e-01 7.932044719827585633e-02 3.318568638392856845e-02 3.652343750000000000e-01 3.313802083333333010e-02
