-2.954363364855447571e+02 -2.119244617339103058e+02 -2.796782898598528391e+02 -2.550326759338378793e+02 -1.724009406349875917e+02 -2.367670515233820083e+02 -1.638847151965629223e+02 -2.346047801971435547e+02 -1.973651025191596489e+02 -2.753911157161631422e+02 -2.271745882348010355e+02 -2.267046583525988410e+02 -2.654431443214416504e+02 -3.012737966397912714e+02 -2.490570322672525947e+02 -2.474744873046875000e+02
6.218409601847331203e+01 9.970753097534179688e+01 5.267167789378065379e+01 2.303217976093293373e+01 1.444287539395419344e+02 8.168387230959805834e+01 1.267467813259217451e+02 1.078897857666015625e+01 1.112915214870286746e+02 7.381625853193565945e+01 3.422565198885768467e+01 9.170828387202048759e+01 4.562994486093522539e+01 6.884417012842691008e+01 7.604837740384616041e+01 1.829895734786987305e+00
1.014983898003890772e+00 -2.812686320658652761e+01 2.532952125402209376e+00 1.720447926521301696e+01 -9.672786898233674435e+00 -1.430375986614010486e+01 -3.519105658298585837e+01 2.077229470014571788e+01 -2.969213864250458812e+01 1.000747959664536779e+00 7.470927470608760501e+00 -2.169800248924567398e+01 5.977920211851600385e+00 3.496699362266344480e+00 -8.377255126833919263e+00 3.754601287841796875e+01
6.087738954226177057e+00 1.130886433778270828e+01 7.410974070112755996e+00 1.300028655529022359e+01 -9.288055902177632106e+00 1.398051394725386842e+01 -5.330260669312843369e+00 3.864004984498023099e+00 3.169784168834270943e+00 7.866528695568125507e+00 1.314702809798090222e+01 1.530815872367546326e+01 8.089062603190543044e+00 5.657146708721796813e+00 1.336229635813297456e+01 -1.831899881362915927e+00
-2.446221939524011901e+00 7.332661787348410343e+00 -1.679935182028626572e+00 -9.776803570985791225e+00 -3.135494318875399244e+01 8.999657645821574903e+00 -8.738800790251751494e+00 -5.717679202556610107e+00 1.574741118628046888e+00 -1.086855839541615465e+00 -3.409519380644746356e+00 7.254392919491752245e+00 -4.993763191392642575e+00 -1.832217601014344499e+00 8.572239450155162643e+00 8.384951591491699219e+00
1.073251866976419322e+01 -1.377111431860154944e+01 9.506540983281245971e+00 1.012818090915679470e+01 -2.853107244318181657e+01 -3.106318048455502190e+00 -1.922806920656344687e+01 1.417549908161163152e+01 -1.521568025324656404e+01 5.939292044081588173e+00 9.071362382487244247e+00 -1.006779941004148959e+01 1.030227350816130993e+01 9.362486846563284004e+00 -2.773281601759106429e+00 7.410557746887206143e+00
-5.015071730613721357e+00 -1.665410585557261669e+01 -9.930607554760381817e+00 -4.680037271976470237e+00 -2.233529541709206256e+01 -1.534101754426955999e+01 -1.793905545298646231e+01 -1.502406685054302216e+01 -1.404231462271316921e+01 -8.866291705598220219e+00 -1.018985424543681795e+01 -1.441717008029927705e+01 -8.307177746668454432e+00 -5.531491594797965483e+00 -1.242324439378885081e+01 -3.203396320343017578e+00
3.569773459831873108e+00 -8.108496602504486006e+00 1.684014275987096187e+00 2.897912509739388742e-01 -4.441770347681913478e+00 -5.421554421836681570e+00 -8.975320164750263174e+00 5.965539529919624329e+00 -6.359253027732822972e+00 2.352966949660726836e+00 4.442349757018840606e+00 -6.711460012410368492e+00 -9.162532398477203355e-01 4.191437112485489891e+00 -2.366525108997638682e+00 1.382057189941406250e+01
-2.142456670999527191e+00 -2.120335309111302990e+01 -2.583360589882159886e+00 -5.694681885838508428e+00 -1.341350111094387998e+01 -1.426135205409743634e+01 -1.971899938728751067e+01 -3.682834926992654800e+00 -2.054490602707517155e+01 -6.598624015742159621e+00 -9.773768462632832055e+00 -1.949934573684419803e+01 -5.157947875559329987e+00 -1.637592472862905879e+00 -1.319239907692640301e+01 -6.259122371673583984e+00
3.496039270957311373e+00 3.839452501266234385e+00 2.839093626813685045e+00 5.679439163208007457e+00 -8.321806550025939941e+00 1.661190385168250572e+00 1.702938177963583488e+00 4.339552730321883267e+00 1.985305558728136965e+00 2.490236691020904392e+00 4.629284245403189502e+00 2.592802085818685764e+00 3.155276445671915564e+00 3.690437726131301055e+00 2.841144314179054664e+00 -4.323500633239746094e+00
-8.087103021542231929e+00 -3.910825768786096113e+00 -7.567119286415423751e+00 -9.680001583695410972e+00 -2.528080073269929784e+00 -1.184576073763045656e+01 -1.319251129540005785e+00 -2.547793701291082513e+00 -3.182737890792933122e+00 -7.675379696678607644e+00 -6.539608918522533010e+00 -3.504570466523270422e+00 -8.109033985063431871e+00 -8.402299634567119924e+00 -1.213851012098483828e+01 -3.642511367797851562e+00
-2.330549947420732515e-01 4.508489478319406274e+00 1.038769991473948551e+00 6.889003574848175937e-01 4.390177325768904737e+00 2.373798818073489691e+00 8.806370788958016504e+00 -4.269499952904880047e+00 4.600392722997115769e+00 4.793117502902415339e-01 -1.456934835565717457e+00 3.109165414977741904e+00 4.520673505030570194e-01 -4.673169953067111138e-01 6.125630896825053906e-01 -3.915549993515014648e+00
-4.568166743119560280e+00 -3.113962695483247778e-01 -4.168820717867384396e+00 -4.064768242835999246e+00 -2.268375700170350839e-01 -1.054613198407672980e+00 1.895464367982793163e-01 -4.419798307120800018e+00 -7.517276054275239261e-01 -3.386861466346903438e+00 -5.393897006386204396e+00 -3.291896315253510785e+00 -5.691892684437334538e+00 -4.751553121136458557e+00 -2.076740690912956211e+00 1.326264381408691406e+00
3.403998538641180858e+03 2.132983472563214036e+03 3.672284012481198715e+03 4.666042790408957444e+03 1.225630850936098113e+03 2.521536050146524758e+03 1.610112462990712856e+03 5.155361846967724887e+03 1.907855382152301445e+03 3.002154470774874426e+03 4.221597464729111380e+03 2.319024232695085630e+03 3.922165656884903910e+03 3.217092845504404067e+03 2.742359373159502866e+03 6.078962443859332780e+03
2.010677083333333171e-01 1.143523185483870663e-01 2.288480718085106336e-01 3.494384765624999334e-01 7.692649147727270709e-02 1.320911754261363813e-01 8.332936356707314196e-02 4.075927734375000000e-01 1.001401154891304185e-01 1.605925864361702204e-01 2.791940789473684736e-01 1.310088488520408379e-01 2.603454589843750000e-01 1.798482755335365779e-01 1.404747596153846090e-01 5.161132812500000000e-01
