-1.693543077032249755e+02 -2.074583020891462013e+02 -2.817634745815344104e+02 -2.077693259499289695e+02 -1.505329845519292746e+02 -1.604285619099934763e+02 -1.974846297044020389e+02 -2.218896670871310732e+02 -2.258208957672119084e+02 -1.491906815830029700e+02 -2.495012445449829102e+02 -2.798369083949497735e+02 -2.063927256266275947e+02 -2.762337514839920232e+02 -1.577983937356985962e+02 -1.853569641113281250e+02
1.383524570694889064e+02 3.127241768155779766e+01 7.117595445064077353e+01 8.190603451295331183e+00 1.186191745939708966e+02 9.373600616455078693e+01 -1.235825580817001423e+01 1.279753965801663185e+01 4.595071916580201332e+01 1.067734549672980222e+02 8.740630404154460109e+01 6.342711999075754647e+01 -2.645747089385984907e+01 7.800985927207798909e+01 1.290559153089336348e+02 -1.094549210071562584e+01
-3.137313762486700597e+01 4.612205147743228650e+00 3.219108630690641348e+00 1.612819342179732018e+01 -4.639359123366222093e+01 -3.694165253374312385e+01 4.040870358393740958e+01 1.136632670130995137e+01 -5.068198394775389914e+00 -4.645363791365374340e+01 -4.799628881116703383e+00 2.608495831489534567e-01 5.603918965657550899e+01 3.672248683139372361e+00 -4.571678954450526078e+01 3.111459174156190244e+01
8.576969262706240826e+00 2.436466064623424188e+01 1.520225003727695601e+01 1.223580699617212630e+01 2.216076156638917638e+01 4.089266273180644617e+01 6.911589691272151725e+00 2.605608863300748013e+01 1.635925814807415080e+01 2.958257761832914667e+01 2.169286276896794874e+01 1.376289984328406391e+01 -5.537631352742515389e+00 1.672658199305627846e+01 1.331226707731975978e+01 1.301450155228376460e+01
-1.263050367027878806e+01 -4.005500708307538460e+00 9.067356795595182817e-02 4.310017824172978074e-01 -5.048753860450928777e+00 8.383583519193859246e+00 2.504266032805809061e+00 -6.531772057215374794e+00 -2.060872130095963151e-01 4.921968591840656160e+00 6.101486037174863597e-01 2.356591580169529188e-01 1.106143371264139574e+01 2.724256012369602686e+00 -6.737639485036627462e+00 -2.651128782331942713e+00
-2.315049921891775142e+01 -1.912666697587280140e+00 5.814217247461019866e+00 -1.581148234280668419e+00 -2.312743145032297321e+01 -3.166407484610875045e+01 -4.456807283254722307e-01 8.985909438795545157e-01 -4.145055979490274822e+00 -2.644377074665144534e+01 -5.814325968424476798e+00 5.478072219235560425e+00 3.793403943379718868e+00 6.213401676393026207e+00 -2.265146791642786894e+01 4.299403810501104317e+00
-4.258962989930648924e+00 -3.927478722163609159e+00 -2.223863791347598706e+00 -1.478755907578888085e-01 -7.293869410419753230e+00 -1.213158143295182434e+01 -4.212110372690053950e+00 -1.133825141522617486e+00 -2.068304675817488558e+00 -1.404457086638400298e+01 -6.308945809801418392e+00 -2.491173246077126535e+00 -3.221062501271565903e+00 -5.584925573246151131e+00 -7.856367423838267250e+00 -6.130421233177185236e+00
-5.471229873507855501e+00 -5.102895583425249626e+00 2.873166922937362422e+00 -5.184995694593945714e-01 -1.509927718979972511e+01 -8.389967527654437873e+00 -3.543457067929791648e-01 9.232927693260783997e-02 -3.386327502131463163e+00 -1.775695627300364521e+01 -4.424466570218403838e+00 2.543773155553005871e+00 4.397328376770020419e+00 -9.826401635712045390e-02 -1.136589075128236992e+01 1.161215400695801314e+00
-1.765923771872579096e+01 1.030559103403770216e+00 -6.594301352375389058e-01 -1.175365122881810720e-01 -1.028638096153735582e+01 -5.391103455755446916e+00 1.195478283441981482e+00 3.811981336938007559e+00 2.267387479543684137e+00 -3.175065762314358775e+00 1.471272351841129478e+00 4.894188940525037168e-01 -1.771516839663187959e+00 -1.570532679996072822e+00 -1.358912730918211409e+01 7.908922410011291149e+00
9.742669774825312601e+00 6.976317891052765674e-01 4.124390380424364899e+00 1.242871306159276656e+00 1.641195430642081732e+01 9.413425591256881830e+00 3.977551978368023100e+00 3.060756944947769398e+00 4.365454290807244675e+00 1.580963221015898057e+01 6.919903300702571869e+00 5.731611344644002237e+00 4.204891840616862275e+00 4.607875156051973953e+00 1.463324493578835295e+01 -1.975985306501391037e+00
-9.037190031933496570e+00 -4.093925872019360312e+00 -6.183751724791108906e+00 4.624419320713384352e-01 -7.857765924362910326e+00 -1.660825103123982061e+01 -5.246284397748801176e+00 -1.805579331186013547e-02 -5.707968026399612427e+00 -1.381236065532030821e+01 -8.379155999670427235e+00 -5.628829054321561998e+00 7.778789202372218270e-01 -7.142007750039008229e+00 -3.343428387945763802e+00 -5.765043020248423744e-01
5.424407840493214117e+00 3.691118906651223774e+00 1.455775373598983347e+00 -2.525219364599746719e+00 8.685272891783995419e+00 3.151631038056480261e+00 5.520265159698632296e+00 1.193662125203345692e+00 4.591748857498169301e+00 5.623012248132574165e+00 5.943429370721181826e+00 2.120704346043724708e+00 -2.139619588851928711e-01 2.280684499179615798e+00 8.778269546289067193e+00 -1.139866918325424194e+00
9.288338124033918675e+00 1.250269200120657231e-01 -2.824048277186717470e+00 -1.596102281050247207e+00 5.243201775742431181e+00 6.674576416280536328e+00 -3.905906649736254899e+00 2.462809364000956069e+00 -1.177179798483846795e+00 6.261882201008697635e+00 1.066970946888129657e+00 -3.465688399119033924e+00 2.504284699757894028e+00 -1.506364456578772604e-01 4.023068770181900788e+00 -5.852879206836220760e+00
1.500844084572809152e+03 4.173135387440253908e+03 3.046731702612422851e+03 5.214319294170659305e+03 1.901623310691241386e+03 2.265562944679066277e+03 6.273831796764924547e+03 4.605619414317628070e+03 3.729863559691677438e+03 2.085492672750689962e+03 2.489242212243278118e+03 3.295952224141271927e+03 7.078669100028344474e+03 2.764553864308192260e+03 1.727393847240563900e+03 5.769995661930419374e+03
6.697100903614462697e-02 2.801688058035715079e-01 1.674033717105263552e-01 3.688742897727272929e-01 9.010532924107136910e-02 1.191623263888889062e-01 4.593975360576922351e-01 3.056369357638888395e-01 2.629150390625000222e-01 1.024555407072368363e-01 1.148071289062500139e-01 1.825334821428571952e-01 5.616861979166666297e-01 1.346411611519607865e-01 7.833563112745103862e-02 4.173339843749999667e-01
