-1.819014931633358287e+02 -1.858876245672052505e+02 -1.765716349283854072e+02 -1.554216327089251308e+02 -1.830240018367766481e+02 -2.679738366263252942e+02 -1.762660369873046875e+02 -1.572448785088278385e+02 -2.071876678466796875e+02 -3.364414268316223797e+02 -4.041548732541642721e+02 -1.725611488265219862e+02 -2.387934097083839333e+02 -1.396461822509765511e+02 -1.419943376020951291e+02 -3.582878931949012440e+02
1.642948081606910478e+02 4.120432246273215071e+01 -2.053615365425743278e+01 6.618714812307646866e+01 1.174034863313039239e+02 1.789606119791666856e+02 2.571396010262645859e+00 8.922965951399370965e+01 -1.623389879862465079e+01 1.264515783620435201e+02 1.127938068317917271e+02 1.465226925936612474e+02 1.763230296985523182e+02 3.368013238906860352e+01 6.276439892161977241e+01 1.331843623111122668e+02
-6.809592853273662172e+01 -1.805750400369817754e+01 8.005004525184624242e+00 -3.848277068679983159e+01 -5.450620491554334990e+01 -2.899204813298725725e+01 4.292239938463481508e+00 -4.159628867019306853e+01 3.635172907511392992e+01 -2.444421061804128925e+01 6.623498032677865410e+00 -6.978070242718013105e+01 -5.366336920454696013e+01 -1.118398193120956563e+01 -3.195195657556707758e+01 1.623633642573105362e+01
8.506496827517256776e+00 4.933080266822467763e+01 4.887396780649820727e+01 5.500886308785640466e+01 3.024574984920522169e+01 6.614255059333064679e+00 6.507459885733467786e+01 4.452870557254010464e+01 1.492784007390340228e+01 1.952174809575081227e+01 2.541690283648247828e+01 1.882333629992271540e+01 7.639059101810332209e+00 4.723812026977538636e+01 6.182625813917677959e+01 4.834795690837659521e+01
1.166130695243675675e+01 2.177630878578532858e+01 4.330205937226613955e+00 1.331419467203544649e+01 1.420611300785093434e+01 1.999750700663952330e+01 9.503771833011084524e+00 1.046292877739125160e+01 1.554986063639322857e+01 3.623794120966000776e+01 3.649994439898796372e+01 1.418596872092797767e+01 2.879123152913273742e+01 7.790778309106828559e+00 9.064131400801914040e+00 4.084828577543559192e+01
-3.556267599619587827e+00 1.450899208675731167e+01 2.886591275533040601e+01 1.779067765582692306e+00 4.127638303364316918e+00 -6.336229353078785209e+00 1.808345144135611804e+01 2.566050040450975622e-01 2.637544759114583570e+01 4.133449557908746463e+00 1.618481924623811707e+01 -1.227667290152927526e+00 -7.874154198612732358e+00 9.815210199356080523e+00 2.241631686687471259e+00 1.730946425387733711e+01
-1.166904869888511698e+01 -1.226687214591279940e-01 -7.156622668107350371e+00 -1.305477081645618398e+01 -7.855135814597218769e+00 -4.770157787061872767e+00 1.869229861668180170e+00 -7.349228300831533112e+00 -3.595044533411661636e+00 -4.193680522053728765e-01 4.590563024552351656e+00 -1.482521108846473723e+01 -1.105721613523122926e+01 -1.263268578052518798e+00 -6.828038687055760114e+00 4.913700191598192824e+00
-3.998682976833416447e+00 5.745418120514262483e+00 1.161531613270441632e+01 -1.154272352204178453e+00 -5.742495016505366756e-01 3.882609271222636771e+00 1.312329770837511411e+01 -5.285145386376171039e+00 8.775685946146648320e+00 1.368435182959533591e+01 1.423059927742435171e+01 -1.491114108249396164e+00 3.799176075571292444e+00 -2.395719468593597412e+00 4.942761713808232482e-01 6.974719882011413574e+00
-8.594529255869847617e+00 4.521679401397708631e+00 9.088703314463298710e+00 2.541458440549440478e+00 -4.315664657081165423e+00 -7.335855268296743503e+00 2.896911076136997831e+00 -2.652692007070236446e+00 1.073655163248379907e+01 2.205221330010608494e+00 8.129541518553251578e+00 -7.418956935104699113e+00 -9.613735192530869611e+00 -8.912755608558651232e-01 3.960904728282581555e+00 1.391451627016068837e+00
7.979584329007636256e+00 6.642026001756842213e+00 6.560488263765971162e+00 1.492100610087317314e+00 8.853004083658259304e+00 5.580773620378403521e+00 5.250019388539451271e+00 3.303403152660894904e+00 9.469000339508056641e+00 1.339541944792104822e+01 1.447746656075964111e+01 8.254052179028288805e+00 5.267076060578628649e+00 1.257793164253235396e+00 -6.765680206092915761e+00 2.411257963431507889e+00
5.413357758805862119e+00 9.483481781049198922e-01 5.806974818309147857e+00 -2.052654968969751081e+00 4.027856679633256221e+00 4.449728500275380583e-01 1.253248964037213309e+00 -1.224485929716719212e+00 1.222554858525593957e+01 9.757907214552854924e+00 6.767231305815135656e+00 4.158410953602402316e+00 2.436167064752126965e+00 5.330889678001403453e+00 -3.172468713738703094e+00 -2.611239226240861022e+00
9.125237628107970567e-01 -7.754786393859174343e-01 1.469814320405324448e+00 -9.529571460955116313e-02 1.468714805319903283e+00 -2.558982717848961030e+00 1.698223258767808996e+00 2.093976830894289931e-01 4.460194587707519531e+00 -6.548815632975381051e-01 4.640032560757870073e+00 -1.087969989036070118e+00 -4.547284003850566414e+00 3.099025571346281982e+00 2.008751993829552607e+00 1.133315785935050890e+00
1.971802015034925359e+00 3.640883337367664563e+00 2.992471744616826523e+00 -3.372701731595095787e-03 1.726944879318276893e+00 8.739044794014522166e-01 9.501360825129917531e-01 4.884968819943341090e-01 5.920608282089233398e+00 6.122770843117736339e-01 2.711001848837114814e+00 1.647653595666692672e+00 -5.664930865168571472e-01 -1.245069266855716617e+00 -2.937334537506103516e+00 -4.057075007965690538e+00
1.399882286257693067e+03 2.966218800282139455e+03 4.744318889960308297e+03 2.324118424959268395e+03 1.741328257107467152e+03 1.039325688903638820e+03 3.934991650598889919e+03 2.058504929341061143e+03 5.769583482295437534e+03 1.399322964128029071e+03 1.160751071923003337e+03 1.557413149511291977e+03 1.242604961284896035e+03 3.478290184472575220e+03 2.551105941842772154e+03 8.323588850787003821e+02
7.693336123511904101e-02 1.297052556818181768e-01 2.925618489583333703e-01 1.111949573863636187e-01 8.467610677083331483e-02 4.653785342261904795e-02 1.868024553571428492e-01 8.888938210227270709e-02 3.157552083333333148e-01 4.545557776162791053e-02 2.317954009433960405e-02 8.497080176767675408e-02 6.635346283783782884e-02 1.704589843749999833e-01 1.155229048295454419e-01 2.217824835526314986e-02
