-1.552829348541969807e+02 -2.231338367867977581e+02 -1.726869532267252509e+02 -1.878351140097966550e+02 -1.641106250286102295e+02 -1.518877391815185547e+02 -1.423926049120286166e+02 -1.543531522750854492e+02 -8.609507960364936707e+01 -1.712311096693340460e+02 -2.266365510579702516e+02 -8.437620700200402268e+01 -1.643197008768717353e+02 -1.818655201305042510e+02 -1.964062772638658032e+02 -1.508313184303812591e+02
1.034761687877566061e+02 7.486920336459544956e+01 2.319941001468235697e+01 8.248488168867808668e+01 4.539801557858784520e+01 1.085070990025997162e+00 9.366754543080047313e+01 2.458125603199005837e+01 7.165968241010394024e+01 5.002722799621129468e+01 6.855616966453759176e+01 5.924135958353679143e+01 1.076482276916503906e+02 3.691229542818937404e+01 7.729984120761646693e+01 8.500467579907707716e+01
-5.726571118554404904e+01 -3.613596782278508357e+01 -7.786723577313964029e+00 -4.574076519315205758e+01 -3.709873904784521415e+01 -2.860305659472949458e+00 -6.225230904186474135e+01 -2.512578320503234863e+01 -7.798232941400436857e+01 -4.668786483061941794e+01 -3.770074359790699958e+01 -6.963082453409830919e+01 -4.832196617126464844e+01 -2.565060190720992139e+01 -4.438794119217816814e+01 -5.898539380743952876e+01
1.135585018940442126e+01 1.828205365830279661e+01 1.561264046033223352e+01 2.320043859027681421e+01 2.411864781379700062e+01 7.375520423054695129e+00 1.452266387378467627e+01 2.107499325275421143e+01 2.290485447929019358e+01 2.863516988252338535e+01 1.880632134386011600e+01 3.052801292737325412e+01 8.570303440093999470e+00 2.887691528146917364e+01 2.760867247861973084e+01 1.779043725044420654e+01
-4.245093890400825742e+00 1.918776271191048988e+00 -2.830133305655586629e+00 4.227008393832613287e+00 4.181925756235917113e+00 8.529974557459354401e+00 1.175828952999662391e-01 7.303382143378257751e+00 3.341552751759687467e+00 5.978016997638501806e+00 3.911243329781132871e+00 4.269969892501830344e+00 -9.405382223427302790e+00 1.806724418293346179e+00 7.622990042847739289e+00 3.370227831425021137e-01
-2.320800036053324433e+01 -1.010113645107200142e+00 -1.840856022304956596e+00 -1.286575806992394533e+01 -1.177762647221485537e+01 -1.123540793359279633e+01 -2.316931911601739813e+01 -7.389011502265928399e+00 -3.516824095589774402e+01 -1.570980945700093123e+01 5.994681333367815057e-01 -4.018925663630166412e+01 -1.469037016232808313e+01 -5.052828097885303293e+00 -1.292516776481095242e+01 -1.965406876507371692e+01
-2.271596272047175447e+01 -1.286646306261102701e+01 -2.714030510849418931e+00 -2.023090253557477070e+01 -1.083164842550952756e+01 -8.961738482117652893e+00 -2.123187694830052408e+01 -8.096390679478645325e+00 -2.255763534279096305e+01 -1.200334597575036533e+01 -1.043497320767994907e+01 -1.929433436393737722e+01 -2.217240428924560547e+01 -9.230400925332848061e+00 -1.890710955025518203e+01 -1.939450843027321980e+01
-1.373701565833978933e+01 -1.312148511409760410e+00 -8.828162961535984010e+00 -6.873501607822993797e+00 -6.468492914612094857e+00 -7.436197504401206970e+00 -1.070890366286039530e+01 -1.171257281303405762e+01 -1.323805793977919265e+01 -1.288631724683862778e+00 6.775791636995354139e-01 -1.275479475657145301e+01 -1.619086156785488129e+01 -9.884518081491643571e+00 -5.755154825308745004e+00 -9.349772222561412605e+00
-1.301206973576269021e+01 -4.363888883210242042e+00 -1.214409761958653355e+00 -8.965379108512218309e+00 -8.639188381532829197e+00 -6.295505166053771973e+00 -7.877813759095532831e+00 -7.289026856422424316e+00 4.073402064187187754e+00 -5.031939609270346558e+00 -2.782690007138902022e+00 -1.926385188102723411e+00 -1.314389025171597858e+01 -6.046812967820601514e+00 -7.835612442344425332e+00 -6.493795473091677373e+00
-4.486096838185954283e+00 -2.589819914483010077e+00 -3.020776377783880307e-01 -6.004307570438531805e+00 -7.814419815937694302e-01 2.037809520959854126e+00 -5.426619843525045006e+00 -3.227836191654205322e+00 -2.493773198553494552e+00 3.460838684910383378e-02 3.982794180109725524e-01 -5.187237918376922607e+00 -5.254781583944956758e+00 -1.788945978338068121e+00 -6.918045016772601308e+00 -4.307916624194914945e+00
-9.834989816643469496e+00 -8.936085070701354383e+00 -1.350306097666422467e+01 -1.041984934371615168e+01 -1.116331307093302350e+01 -1.091884100437164307e+01 -1.078951654714696318e+01 -9.353660374879837036e+00 -1.020885284315972008e+01 -1.161569654941558838e+01 -9.541012353188282447e+00 -1.067419961293538400e+01 -1.078209650516509832e+01 -1.414418099143288110e+01 -1.074315493948319222e+01 -8.990893199892326493e+00
7.056961120561110690e+00 5.003482158196733032e+00 6.022416296932432189e+00 5.011933490633963650e+00 3.468461160858471004e+00 5.834830790758132046e+00 4.153907215770551886e+00 5.095446214079856873e+00 5.718726542733963747e+00 5.915055080464011183e+00 3.567299657174058058e+00 6.676538485288618929e+00 2.599100102980930860e+00 3.243007811633022541e+00 4.656096514095277250e+00 5.567989145175064714e+00
4.514967612055849955e+00 -3.728560586559012791e+00 -7.296402136484783085e+00 -2.096362471580506259e+00 -2.168142614265283097e+00 -2.003118813037872314e+00 -9.124444617944620362e-01 -4.390280853956938678e+00 -1.784895055350804949e+00 -2.605965732351731567e+00 -4.107433710952058448e+00 1.660648282368976769e+00 1.411720499396322825e+00 -4.352717486294833904e+00 -2.853129783535706565e+00 2.077661422219652110e-01
1.870940136703293319e+03 2.690025036338277914e+03 4.413936811862060495e+03 2.334320719270642712e+03 3.258326067384434282e+03 5.336775006191338434e+03 2.041690459384152291e+03 3.980951353895089142e+03 2.371988270398195255e+03 2.997760501754157758e+03 2.838804306443802034e+03 2.610700705415410084e+03 1.611911711069806643e+03 3.602483028561308856e+03 2.508771926040651579e+03 2.187608174241373945e+03
9.569176962209297033e-02 1.659948470744680993e-01 3.421223958333333148e-01 1.352539062499999722e-01 2.059122721354166574e-01 4.127807617187499445e-01 1.118738511029410965e-01 2.825927734375000000e-01 1.560639880952380820e-01 1.898514597039473450e-01 1.828679265202702020e-01 1.637695312499999889e-01 6.974283854166667129e-02 2.476473721590909394e-01 1.529900045955882304e-01 1.219446163366335878e-01
