-1.868774030754364901e+02 -2.027659164428710881e+02 -1.856167219558565193e+02 -2.058678894042968750e+02 -2.548231549944196388e+02 -3.421557786729600821e+02 -1.905344498578239723e+02 -2.602098158015760987e+02 -2.097096829732259096e+02 -3.780834392971463558e+02 -4.337718478932101789e+02 -1.666024452209472315e+02 -1.838351623535156136e+02 -1.897951495430685895e+02 -3.903295553456183598e+02 -1.850063672452359356e+02
9.211773723004810677e+01 -1.214878964424136143e+01 1.330958150731454452e+02 3.234980297088620205e+01 -3.701303972516743102e+01 1.565748138427734375e+02 8.859789985067664020e+00 1.669123520962027101e+02 4.744157571792598560e+01 8.393758498297796677e+01 9.046604807236614931e+01 -6.591180825233493579e+00 6.927814025878903692e+01 1.590319266752763951e+02 9.126086276510487494e+01 1.115583205351958043e+02
-5.315775012395472743e+01 3.003211011886595827e+01 -6.072996273843373416e+01 -1.790275870429145044e+01 6.380297524588446834e+01 1.238364050123426807e+01 -7.430622325224035762e+00 -2.545903187851573080e+01 -1.117105368773144392e+01 -1.869083317120869836e+01 1.242662338298906377e+01 1.085347979068755819e+01 -3.134816905260085917e+01 -6.148021988435229446e+01 -1.062215143701306275e+01 -5.019370427808250668e+01
4.015588713266762966e+01 2.461730232238769389e+01 3.502140297157929183e+01 4.792304499944050633e+01 2.305849702017647473e+01 4.597513045205010229e+01 5.170411242456997059e+01 2.369041796894960328e+01 4.638896505037942575e+01 3.426933251486883591e+01 3.955700936036950566e+01 4.947273902893066122e+01 4.489774222373961976e+01 2.458793883448974071e+01 3.875100878010625394e+01 3.772126592655439481e+01
8.290389120578765869e+00 1.126818346977233887e+01 7.764317679523241367e+00 1.166766018999947363e+01 1.742583620122501031e+01 2.354805363549126440e+01 8.084757524378158422e+00 1.121138526741848374e+01 9.382007575035094860e+00 3.519107923242781055e+01 2.955661271600162365e+01 1.418862700462337756e-01 1.316962217688560521e+01 7.162864870984446242e+00 3.117402240504389255e+01 9.395103328534075260e+00
-9.360068271048817223e+00 2.676755168437957622e+01 -1.137599592323940811e+01 1.911550817224714649e+01 2.513500704084123782e+01 -4.369626045227068545e-01 1.903639344608082240e+01 -1.602996503752331492e+01 6.129620409011838689e+00 -1.917071902089650060e+00 2.968921153860931028e+00 2.837941932678222656e+01 -2.183661445975317861e-01 -1.777751431918957081e+01 -2.034582163976587754e+00 -9.257034377874557407e+00
-5.804613031536693946e-01 -1.225411423444747783e+01 -1.010790343538371161e+01 -3.766155832343630827e+00 -1.074634466852460690e+01 3.607593086030749241e+00 4.832321221337605444e-01 -1.374238845913907658e+00 1.671430071194985878e-01 6.327155633105168597e+00 5.520955692319309271e+00 -3.775070345401763561e+00 7.719916492700584776e-01 -9.557578672739609260e+00 4.682221830539079477e+00 -2.147192673505960769e+00
4.953944207674049416e+00 1.102664786577224731e+01 4.153475714201975144e+00 8.053936461607614561e+00 1.995704337528773920e+01 1.303781249788072394e+01 5.684254977632971162e+00 1.270753563420717214e+01 9.560988056659699197e+00 2.480871542294821452e+01 2.243103403203627622e+01 1.411495471000671742e+00 7.465927651524543407e+00 3.454523344100876692e+00 2.408825262473978768e+01 6.361964426053738464e+00
-7.578505544777375924e+00 6.074295508861538906e+00 -7.270883424152243535e+00 1.660624610053166528e+00 1.284171424593244026e+01 3.666997008853488893e+00 3.108200734152511302e+00 -8.573367120221606186e+00 -5.784714903434118760e+00 -2.678877055644990790e+00 5.713027435190545233e+00 4.034783291816708584e+00 -5.843325164914133119e+00 -1.275297938778319917e+01 -5.079026040823579891e-01 -8.095873405804503875e+00
6.325167058551891763e+00 9.809458836913108826e+00 2.282571172950325078e-01 7.686220116085474174e+00 1.456243043286459837e+01 -1.936033169428506895e+00 1.346194733591640968e+01 -5.535811629406238943e+00 1.183422811826069232e+00 3.568959133492575209e+00 7.329613320967728995e+00 9.263276338577270508e+00 3.913651877641676435e+00 -9.472166479311141529e-01 3.814822262395982655e+00 4.692140149103627422e+00
-2.618979898561914155e+00 7.822304710745811462e+00 -4.219555205637864903e-01 3.726950453387366302e+00 5.809533685445785522e+00 -5.968004412121242552e+00 1.123607200734755729e+00 -2.324022715867951838e+00 -2.628623758753140915e+00 8.351682871580127454e+00 5.071468225296805521e+00 1.524333059787750244e+00 -1.220217093080282034e+00 -1.294406817379322838e+00 6.570136890463213142e+00 -1.320462356548051552e+00
-7.461381884942595022e-01 -3.560490059852600808e+00 -8.063126052960489787e-02 -7.585498690605164684e-01 4.086348857198442097e+00 4.283533255259195371e+00 -1.353727929732378765e+00 -3.447207337202030875e+00 2.487494999170300147e+00 4.079434020651710568e+00 6.036412780775740394e+00 2.343240857124327392e-01 -8.238198079168801424e-01 -1.438325229693546037e+00 5.049300430909444692e+00 -2.454405750777273632e+00
1.971192222043696596e+00 3.316755586862563110e+00 -3.286993901770891569e+00 -9.522412551773915546e-01 4.155123131615773957e+00 -6.027566035588582949e+00 7.522233233732333879e-01 -4.910037068086998246e+00 -3.248866615692774573e+00 9.983508197797665851e-01 1.442847966709560836e+00 -3.387830531597137540e+00 -1.289745160937309620e+00 -4.200447513975881009e+00 1.089527568091506193e-01 1.593518192703677894e-01
2.154008193639812362e+03 5.279056113655915397e+03 1.644003024799065997e+03 3.271387514217026364e+03 6.229805703654869831e+03 7.239291811872135440e+02 3.748277106713044304e+03 1.110571517963517181e+03 2.834515614040361470e+03 1.985678979855957095e+03 1.460408289147006826e+03 4.431254737603609101e+03 2.405906229877062742e+03 1.414625878277074207e+03 1.731637546879891488e+03 1.908183548716287305e+03
1.133989081325301462e-01 3.921875000000000222e-01 8.973739170792080500e-02 1.432834201388888951e-01 4.282924107142856984e-01 2.452256944444443365e-02 2.020048253676471062e-01 5.401753270348839259e-02 9.965820312499999722e-02 2.979871961805559410e-02 9.866153492647092293e-03 3.020019531250000000e-01 1.096679687500000111e-01 7.728715376420454419e-02 2.920134171195655493e-02 1.025786528716216006e-01
