-2.561817270914713731e+02 -1.834575730444680630e+02 -2.955749367334510680e+02 -2.423271713256835938e+02 -2.189960369241648550e+02 -1.892997037039863244e+02 -2.492259475708007699e+02 -3.101618162585843947e+02 -2.481927222511985178e+02 -1.867523042833482805e+02 -1.862324946306754327e+02 -2.241487664116753535e+02 -2.317585685036399070e+02 -1.989695434570312500e+02 -2.923130308906987693e+02 -2.399394617080688477e+02
4.762865651221503782e+01 1.096355727289764275e+02 7.360071046890753621e+01 8.570303440093994141e+00 9.110943222045898438e+01 1.187693409389920163e+02 3.073849439620971680e+01 7.061503551852321436e+01 8.188626819957386260e+01 1.328097016618058888e+02 1.010208205071048724e+02 -8.030183709330017905e+00 6.698138740929707069e+00 -3.952912139892578125e+01 7.761810072413030070e+01 3.616942465305329790e+01
5.659644862016042666e+00 -2.826125729251911167e+01 7.306428366450886003e+00 3.912815999984741211e+01 -1.126541113031321473e+01 -2.554926483498675793e+01 2.599979476928711009e+01 8.870680865501224588e+00 -2.233949137817729635e+00 -1.382388075783446091e+01 -2.399533715714575521e+01 3.731819619072808081e+01 2.480901475386185950e+01 4.932228851318359375e+01 8.489705391087635888e+00 1.483528161048889160e+01
1.800160313787914745e+01 1.851678238536270626e+01 1.237822330254380176e+01 7.495444223284722263e+00 2.259267523782007459e+01 1.189984550823767862e+01 7.603207468986513007e+00 6.133141986545059154e+00 2.163847331025384335e+01 -2.859445278708925287e-01 2.365844108747399588e+01 1.887688083781137394e+00 1.641749564084139834e+01 5.472784519195556641e+00 1.126551638009413026e+01 1.855465574562549591e+01
2.838736517443542606e+00 9.653804209450591145e+00 1.222271765432108026e-01 -2.841233834624299348e-01 1.723452184118071528e+01 2.583410274651317451e+00 -2.993338590860366466e+00 -1.598178479940610686e-01 9.678108879111036345e+00 -2.182827240711936057e+01 1.334152120524558427e+01 3.691627105077107007e+00 -6.902581453323359817e+00 -9.725677490234375000e+00 1.308597501156470777e+00 1.447281755506991452e+00
8.439232973825360418e+00 -1.214615345840722149e+01 7.264009311635015287e+00 2.016453552246093750e+01 -6.364584809233410745e+00 -1.080928291214836712e+01 2.004776344299315838e+01 9.781783897549880535e+00 6.754556612534972082e-01 -1.585787838455793519e+01 -1.468325082374654755e+01 2.328618219163682568e+01 2.217720534584739056e+01 2.068560028076171875e+01 9.823623642044244875e+00 1.144138872623443426e+01
-2.263252456982931982e+00 -1.552176326429339071e+01 -3.918502768541688219e+00 -1.123639351129531860e+01 -1.473684055024179074e+01 -1.171234491053554194e+01 -4.620049309730530851e+00 -8.540149753492594087e-01 -8.858670631863855505e+00 -3.760902752747405486e+00 -1.574929320984991499e+01 -1.027541640069749640e+01 -8.375693061135033091e+00 -8.028976440429687500e+00 -2.854746376006103148e+00 -4.414798426441850054e+00
-1.345600817884718747e+00 -1.137451767081947729e+00 3.505847132013690803e+00 6.793376475572584283e+00 -9.967174971925407689e-02 3.038464097513092543e+00 -2.084789097309113881e+00 6.667760855247900409e+00 1.137772670117293883e+00 8.348165570078672104e+00 1.280247387678956628e-02 3.392260207070244782e+00 -1.514530788768422287e+00 -3.423413276672363725e+00 4.743123430126118478e+00 -3.959090832620857814e+00
5.384642737252374189e-01 -9.087200119461813941e+00 -3.853317870888073315e-02 4.895469799637794495e+00 -8.154909286005747049e+00 -1.419801879591412153e+01 3.969070425629615428e+00 4.721529185771968784e-01 -3.537577436187050228e+00 -1.231109883334185540e+01 -1.311223139624663681e+01 6.351705408758585136e+00 1.007129840417341526e+01 5.552927494049072266e+00 2.040243432769240250e+00 -9.062840789556503296e-01
4.115225332123892521e+00 2.014661401929989992e+00 3.985108844695552488e+00 5.167280197143554688e+00 -8.266936972223484226e-01 7.446234000639815331e-01 6.494496136903762817e+00 4.447991903751127296e+00 8.554091020063934181e-01 -8.456153913929642663e-01 -8.682611692643016355e-02 9.955857859717474057e+00 4.829789102077483243e+00 8.897998809814453125e+00 5.250006668972519996e+00 4.787890747189520013e+00
-1.074003001337959695e+01 -1.336449305104537899e+01 -7.543908048701545965e+00 -3.887426558881998062e+00 -1.425739769483435282e+01 -9.333457022491426613e+00 -4.584626635909080150e+00 -6.635029397664535367e+00 -1.113714383623816495e+01 -1.387508749639665595e+01 -1.462970523341842721e+01 -4.952492488755119382e+00 -1.059177509221163582e+01 -7.269411087036132812e+00 -7.308000991929251455e+00 -7.167017202824353284e+00
6.658923265479860021e+00 6.715841310964504984e+00 5.511942391113569428e+00 3.524181634187698364e+00 5.106804124240219345e+00 7.152623309236434856e+00 5.480894619226455156e+00 3.140490748228561113e+00 6.663847973129967350e+00 1.465602145484975871e+01 5.916701068912728623e+00 1.407141506671906406e+00 2.696604875001041624e+00 -1.259844064712524414e+00 4.905956733901546407e+00 3.989730563014746600e+00
-2.865083304899079586e+00 -4.261142423560082548e+00 -2.212018310222574335e+00 -2.119765654206275940e+00 -5.072734206914901733e+00 -1.863575357529851928e+00 -8.510363388061524148e+00 -3.560365523061443938e+00 -4.408060826225717932e+00 7.906294303971373338e+00 -4.216976166635319601e+00 -2.939894278844198183e+00 -7.049998337572271012e+00 -1.694279313087463379e-01 -1.525708041663439873e+00 -4.373227931559085846e+00
3.701443620366891082e+03 1.923740380378480495e+03 3.035355318252233246e+03 5.388907907754526605e+03 2.269724445813470084e+03 1.765892848142432285e+03 4.612465823354050372e+03 3.261743471982814299e+03 2.558972446301514537e+03 1.587023439639287744e+03 2.076282884489531625e+03 5.832896383240219620e+03 4.994614402530089137e+03 6.481290520195159843e+03 2.833751114430233429e+03 4.134274129515848472e+03
2.156575520833333703e-01 8.600627200704233366e-02 1.566910282258064946e-01 3.588867187500000555e-01 1.048962823275862571e-01 8.081054687500005551e-02 2.811035156250000222e-01 1.729854460685484596e-01 1.203568892045454586e-01 7.361169763513518427e-02 9.091230751811602007e-02 4.431966145833333703e-01 3.497869318181818787e-01 4.511718750000000000e-01 1.300762824292452935e-01 2.766723632812500555e-01
