-3.034178406750714885e+02 -2.715751371383666992e+02 -2.595496114357230795e+02 -2.567445615132649550e+02 -2.797564246654510498e+02 -2.489650692409939268e+02 -3.139337968497441125e+02 -3.090925772984822970e+02 -2.708722545078822463e+02 -1.874773924255370616e+02 -2.078394038988196257e+02 -2.255552854537964151e+02 -2.886514237623948702e+02 -3.092935920715332259e+02 -3.013784382032311555e+02 -2.976133433255282625e+02
7.361409243830928517e+01 1.166475148200988770e+02 9.439471459142940546e+01 2.662022304534912109e+01 1.007968440055847168e+02 1.482673186726040626e+01 6.943345892018285781e+01 7.576835632324218750e+01 4.585189792088100091e+01 1.192613745117187420e+02 1.304686962625254694e+02 8.880131602287292480e+01 9.406937819260816980e+01 6.476169815063477131e+01 8.252046452397885901e+01 9.709387432445178945e+01
1.431378382223623369e+01 2.558216521143912559e+01 4.247624191426737639e+00 2.234451595942179480e+01 1.815389193268492107e+01 3.467521519131130248e+01 1.423610008173975672e+01 1.536086951692898595e+01 1.676773371015276126e+01 -1.912489882469175484e+01 -2.024379804082542478e+00 -9.608794404193766070e+00 1.791885256125376102e+01 1.349822225570678924e+01 1.636951598913772798e+01 2.371023141795937761e+01
2.088173024080417406e+01 2.455982744693756104e+01 2.470587986277550741e+01 3.291492239634196437e+01 2.487689987570047734e+01 2.694110843870375049e+01 2.041644921796075351e+01 2.372224907080332557e+01 3.033720425197056514e+01 1.300596050024031669e+01 8.297968425828470274e+00 4.860541662573813682e+01 2.496304993996253430e+01 2.335120024681091522e+01 2.602986113921455669e+01 2.436989769068631517e+01
9.226375284018340395e+00 8.392451278865339148e+00 1.076135622504522793e+01 -1.913395325342808206e-01 1.136926811840385554e+01 -8.621543566385906132e+00 7.836506827124233965e+00 1.215520829459031660e+01 4.598596615450723846e+00 -9.259997034072835476e-01 -5.155734316162455144e+00 1.838333080895245430e+01 1.192976137307974227e+01 3.627699670195582371e+00 1.308124129798101620e+01 1.320614425973458950e+01
1.389249425795343384e+01 8.288484230637550354e+00 6.980404462396485599e+00 1.885137454668680945e+01 1.282968642283231198e+01 2.643487946192423976e+01 1.635287074385018613e+01 1.475614878038565791e+01 1.681048645292009880e+01 -4.923695508241666019e+00 -6.581071604853105939e+00 -8.881673645228159941e+00 1.285619634206478779e+01 1.412800295352935720e+01 1.346200839268124838e+01 1.916308099437843282e+01
9.089091961030582034e-01 -1.560803102329372694e+00 -6.263079346762491006e+00 6.480841065446538707e-01 -6.704908069223192157e-01 -3.460080335537592422e+00 -4.525570520041100053e-03 6.726806263128897179e-01 1.354378802435745044e-01 -1.225526139140129267e+01 -6.189109083103099707e+00 -1.262361758574843584e+01 -1.594826135727077432e+00 2.346021622419347530e-01 -6.050900551288038720e-01 3.787959684025155926e+00
1.183298486691934315e+01 1.212200582027435303e+01 6.440405975912035785e+00 1.166425333917141138e+01 1.088153880555182873e+01 1.043881580564710809e+01 1.080007143678336412e+01 1.320688258111477076e+01 1.185143198285784116e+01 1.070268154141018613e-03 8.697453352420227546e+00 6.678275503218174869e+00 9.205182037445215570e+00 9.155412542819977517e+00 1.038645458869312321e+01 1.438513123989105225e+01
5.055093367894488487e+00 1.074747640267014326e+01 1.541641317999238314e+00 5.821023320158323244e+00 5.564614383969453293e+00 9.477222402890522091e+00 5.105427059633978359e+00 6.671017850438751395e+00 1.247373070035661780e+00 -7.210669600963615089e-01 -1.274060237342899082e+00 -4.621943976730108261e+00 4.567059599894742306e+00 5.736238054931162011e+00 4.407447178078733430e+00 1.074138794432987254e+01
8.703616544052406923e+00 1.378388406150043011e+01 7.784742333225366906e+00 1.439700533946355065e+01 9.607930005528031003e+00 1.028767103619045642e+01 7.824716946174358867e+00 8.872964225709438324e+00 1.068748959473201232e+01 1.143011320590972701e+01 6.293582990117695175e+00 1.015138875693086362e+00 8.167219891914953678e+00 6.585181331634521129e+00 6.843059830043625169e+00 1.319677414677360083e+01
-1.049656635081321454e+00 3.642466903664171696e+00 4.801728563824880780e+00 -1.914138168096542358e+00 3.024615217465907335e+00 -1.830540868971082702e+00 -3.851095564406489480e+00 -5.235032572721394217e-01 -2.707244487745421146e+00 1.369965718269348542e+01 1.307608163777901389e+01 -2.246428558602925563e+00 2.087199013966829497e-01 -2.360989241302012154e+00 -1.024859888398124586e+00 4.347367037426341341e+00
6.015061423458439194e+00 1.415611612796783270e+01 1.137976038747841478e+01 8.649953385194141475e+00 1.187593425158411264e+01 1.210548890961540991e+01 6.829262326503624081e+00 8.512370886902015599e+00 8.432673139231544823e+00 1.546297117233276452e+01 1.811384663892828684e+01 5.038957495242358142e+00 1.021762589307931535e+01 5.593387579917908248e+00 9.421911698320636575e+00 1.304956837133927827e+01
-8.399532680158305897e-02 6.669581599533557004e+00 -6.395153434006209947e-01 2.753630379835760866e-01 2.472515531349927631e+00 -5.340650730662876988e+00 -3.991294770405213743e-01 6.668115581075347853e-01 -8.366416309561047759e-01 -3.321141719818114790e+00 1.980547056735859179e+00 -2.515778340399262181e+00 1.645677359058308475e+00 -1.644956743717193692e+00 1.080246057847271679e+00 3.668182387270711331e+00
2.434615456680535772e+03 1.067267499847139334e+03 1.835039629870707131e+03 3.859152455598874440e+03 1.491975638319926247e+03 4.564668169596148800e+03 2.666639517051649818e+03 2.210227911156034679e+03 3.377565802485558379e+03 1.638946190798422776e+03 1.382263262885792756e+03 2.064412507284324420e+03 1.681282730010176238e+03 2.906022384780602806e+03 1.985228859931544321e+03 1.274124061202937128e+03
5.579969618055555247e-02 2.310180664062501388e-02 5.050438949742269701e-02 1.577962239583333426e-01 3.585052490234377082e-02 2.415907118055555802e-01 7.361260775862070449e-02 5.036417643229166435e-02 1.344517299107143016e-01 5.762695312499999806e-02 4.622749660326087862e-02 7.157897949218751388e-02 3.682391826923078759e-02 8.906250000000001665e-02 4.855213994565217572e-02 2.658913352272729638e-02
